0.5000417099655354
0.6545580225281803
0.4077428033867575
0.635170788585433
0.6152815339763282
0.5215809166541994
0.5869490523650731
0.10310334933317988
0.6189395992597431
0.5004430334018994
0.6058906589474975
0.5439309151275155
0.6047789357146951
0.5866177365457207
0.5956266351001648
0.6419139516725252
0.6275156733856252
0.5759423298329671
0.6413619000540425
0.6315511953268436
0.5337516708132085
0.5997622033544596
0.6528009044669427
0.5989925032072674
0.5583404859661651
0.30223252889139285
0.5589536752765317
0.6009190467681237
0.6692164559742191
0.6784559394614189
0.6341553422563355
0.5318651656987987
0.6093684615626481
0.5167750783540779
0.5665328673149959
0.6367292891906515
0.6206067933530703
0.6284155964663074
0.627802597790776
0.6129344392605711
0.42196163312829704
0.5846800639190683
0.5501594454084734
0.6002552494187281
0.6332213714364789
0.5625982047024672
0.6532247320183138
0.5866271040417892
0.6179256093488669
0.5788940140453176
0.6403805481578857
0.6274856942313711
0.6544694021915684
0.62812937735945
0.6721278064792297
0.6021391220906455
0.6249435433971379
0.6074701056323621
0.657045411908031
0.5990816085540343
0.6575224013680356
0.5778975317914453
0.6238643786702758
0.6398306903125188
0.6698743613037047
0.640778455178614
0.6393419770187962
0.6908111202960117
0.6631224171681958
0.6551907143950386
0.6037877809196839
0.6854314701830112
0.6065705057372939
0.6286755942141207
0.6141131859911746
0.6544528902433883
0.6676816628192934
0.6729268520179832
0.6386191296779287
0.6939988549927519
0.625528820673023
0.6219265624600355
0.6354201152547503
0.6576019696517581
0.5811168589888307
0.6812198546077424
0.6862981690552121
0.7430137323451622
0.6395921993016794
0.5598111884669918
0.6736255319360317
0.6531186615317496
0.6676395105780515
0.6872327251309772
0.6142356166698426
0.6885632640095257
0.7193529703443137
0.6781368715891943
0.7125635558191735
0.6285116436590413
0.709000385486942
0.6788063246866337
0.7040524581093697
0.6628319656074235
0.6635222863894751
0.6888526843562822
0.7232060713236409
0.6321625238741377
0.7683040012853948
0.7021073634990579
0.7403289341548777
0.7519506480853053
0.7016590391208238
0.751682944425342
0.6891749757607719
0.7682686029586796
0.7480653874483428
0.6667933029380136
0.7811561034151231
0.7644306795645659
0.737519410406186
0.6990242074155285
0.7797224885380819
0.7414780812048578
0.7467452871811011
0.805687928081754
0.7824082367464023
0.775617514389185
0.783342161561714
0.6610277790445048
0.7655918832037918
0.7432773799972856
0.8045857677607647
0.708956429905928
0.7535350260963334
0.7099636028291307
0.7340058788401351
0.7815881847524038
0.7078085692736474
0.8080686739858164
0.8612378574112349
0.7530231403321177
0.7924821017475113
0.8412007679065475
0.8438320360359567
0.791957469480241
0.831962530707764
0.7996486320931653
0.8595501655655102
0.7826528965871349
0.7959670504048134
0.8929916521477772
0.7660033624833935
0.7809538837952494
0.8343997774100633
0.793323453459417
0.7988201080557392
0.7679159293094003
0.7997169178939026
0.7989359481490751
0.8324128317417774
0.8211276691403075
0.8741686209291549
0.8258473567478236
0.7915860160122218
0.8311365753804452
0.879993219831702
0.8112373020749502
0.8927901584530147
0.9064601498311766
0.7868641882975014
0.8781030399119092
0.8924165063278062
0.77375467303411
0.9049274105484336
0.8224740344656776
0.7521750276241509
0.8915397636093941
0.8512514021161226
0.8210820991070898
0.8069728608606421
0.8975872895915488
0.8605858279081079
0.821194356930292
0.8788490522757518
0.8984270989285492
0.8078306016064066
0.8801097700609961
0.8694808120190258
0.9475105226048287
0.8564990374982797
0.8410458343437615
0.8841921981400293
0.988314016044531
0.814110590945398
0.9920683843542829
0.9313624135529861
0.9108795838568823
0.8741352924449196
0.874600747896136
0.9476584238174002
0.9809340641725203
1.0287808339642228
0.9588367616921767
0.9165139639172655
0.8569134247532413
0.9188892997330909
0.8551214481227106
0.9409945838367841
0.7632170643066462
0.807874426885632
0.7996333194930925
0.9058158272062654
0.9297576315811598
0.9017628513023845
0.9103336752028645
0.864215899796679
0.8955646684923844
0.9264802552489935
0.7938780052014108
0.8666354629537066
0.9118206667740094
0.9111227376950555
0.8328538011991067
0.9093849032517558
0.9188907471522579
0.89560622589918
0.9100876127958667
0.88116279660668
0.8982427137450766
0.8425373116110746
0.9436746782599523
0.7899138410382054
0.8586695559717985
0.9410969038678936
0.9112122730748016
0.8716033767732866
0.9415616209547449
0.9905194448032855
0.8555847855066792
0.806015052013266
0.8987555290619887
0.8781606488439082
0.9062835318227558
0.906996430405112
0.94678535253319
0.9809800331356783
0.8719206885465861
0.8964801056079743
0.8669042174321886
0.9016231628695686
0.9401250202950592
0.8467402019079603
0.8428583379366952
0.9011821366061759
0.8501647554371554
0.857038441039327
0.8662622261667179
0.8939580061570654
0.7618439983635241
0.8862275286989734
0.8422824839183336
0.8325468146799059
0.8817527471472126
0.9046823428816327
0.8857281804895423
1.028000800588558
0.9958606572428009
0.8515686501588705
0.8427194119954264
0.9179160045603947
0.8462593868301833
0.8535949329843961
0.9175390666619924
0.8615013995452199
1.114187432259854
0.8915812188619661
0.8789024094403909
0.8459294622292749
0.8486044308060015
0.9078614934526902
0.9000664793758824
0.9832899998809322
0.9126356101039659
0.9035006534928475
0.8503142576125655
0.8640424767175879
0.7811391464131537
0.8151369719265401
0.8788049174562642
0.9100345102762608
1.0177698274487756
0.9118161033145434
0.879032635930868
0.8905521033378784
0.8969265752336811
0.7550392415538419
0.842950650097325
0.9499059451559797
0.925893561833215
0.8936153777468554
0.8544485423010444
1.0025625385095174
0.8861497290048276
0.9315694060217647
0.8689055360584085
0.9357371723984199
0.9136809385339549
1.0205818791540908
0.8768456842372548
0.9267552231360744
0.9335481922626164
0.8694312858990059
0.8043878959940968
0.8893440681392352
0.9481972359656115
0.8732025625509854
0.945621913793896
0.8338959771405
0.906873604940718
0.895316754055878
0.9556697840556979
0.8403976804669747
0.9204792799158071
0.8484834628114631
0.8567040290911859
0.9802229537033833
0.8789055008591213
0.8799408026989021
0.9362129045082003
0.8679415706155562
0.8925530501056423
0.9187708374723834
0.8978312675754044
0.9601681975041184
0.9153209339454406
0.9420888833438333
0.9367839063418167
0.9115616265062088
0.9434895075927838
0.9286956331980928
0.8595825006785529
0.9483293370157857
0.8591380425580999
0.9275767740572421
0.9014643041936261
0.9080328597730594
0.892841297346974
0.8738193090988319
0.8591889076075886
0.8597748682695295
0.8999273974541707
0.9612562195740928
0.8310287576514904
0.787727927559532
0.8599666908884154
0.8980246970463425
0.9641241253267391
0.8730488998608394
0.8423549124430404
0.9016681634022966
0.8580374306020585
0.7708020683198858
0.885315150925401
0.8448007868177455
0.9005140632440131
0.8380254242771705
0.8834915570410614
0.8973511845862163
0.9406536094121087
0.8353084038790262
0.8157112162140988
0.9426261237402245
0.8322953262826057
0.8434983682303335
0.8783588425210612
0.7862430874372683
0.9034989123348195
0.8712075462222247
0.8495357753371016
0.8660076121225555
0.9391886366994701
0.8916032161005903
0.9301519276975797
0.8510923586631365
0.8370289125680969
0.8630456838683617
0.8593562216030722
0.8785193354365076
0.8582375495903207
0.7866805021228803
0.9438768340376554
1.0132569731365486
0.8470034002889459
0.7480544789949642
0.8845830873821066
0.9533033011415052
0.8910725733833097
0.9915028292276123
0.9572069930235475
0.8206092888449978
0.8548380615638375
0.8769316406824047
0.9989249586963319
0.8830213674024696
0.9142248732366071
0.8322715745240957
0.8194389742113684
0.8100840517697424
0.953433686909187
0.8549942493702256
0.8711634627002172
0.9796540631998059
0.9264518874045482
0.8750408653409897
0.8101952692795216
0.8656078034075403
0.8878784859266832
0.926243192171638
0.9622915158454272
0.8453278136667944
0.9180662341493849
0.8262792024658095
0.879135617562359
0.7667998376683652
0.8696970544255183
0.9181140411016194
0.8408139853825781
0.8169940611063619
0.7991381339696291
0.841284920933609
0.7740751210751444
0.8059416073007134
0.8573488764323791
1.0143247442876595
0.8791474833158729
0.9044642420908725
0.9537269762370689
0.8761815505124778
0.8531784342930907
0.8441938359937392
0.8869411059031244
0.893607272438226
0.8458104973718946
0.8038686032805575
0.8501380275649044
0.8966263887732805
0.966608394881029
0.8954848337827341
0.8815916658610671
0.8435333391440033
0.9262343219766378
0.8924678806398525
0.8588692045430353
0.8699617076410169
0.880633047708998
0.7695736223988717
0.8103347399747319
0.8538923615705336
0.858150829211422
0.8568137617683873
0.8667293396893537
0.8641324535968984
0.8386825701516284
0.8199858972226554
0.8871159992706943
0.8956256244171551
0.8854158825337975
0.8359534674448844
0.9360125275561954
0.8603161666996657
0.8962491608337482
0.9726787636805219
0.9294036482428736
0.919723257471797
0.9903385031983514
0.8645847057603272
0.975082677838247
0.9000278920729161
0.831787570768867
0.8455250158964315
0.8479892305054234
0.817253110329336
0.9186390921322665
0.9235852843802445
0.9479903663122079
0.8531861073068373
0.8733561043326298
0.8816400218531836
0.8347850973192168
0.8700547586105678
0.9099195060644246
0.8481981917319518
0.7774802937579768
0.9053104801361566
0.9195973788258113
0.8869032524557804
1.0238714947444196
0.9401218960989591
0.8867684337640701
0.8301316433694165
0.9648277689759958
0.953796983519947
0.8651415746682013
0.8450566094285747
0.9501993963037996
0.9387667210965751
0.8748022968763042
0.8038596876631291
0.9619436016466837
0.8678972430998967
0.8390043117926141
0.940923285431211
0.7945894581820222
0.9470280432585216
0.8956731676087745
0.8496602097631197
0.988246239068456
0.9583278985911248
0.8908567794074252
0.7982302562288005
0.9854828157238674
0.8712756621989728
0.9472658105823751
0.866632476054332
0.9019075932802721
0.9208474824314845
0.8676167411460688
0.8951734430124308
0.8948172709788823
0.8144097794746202
0.8684619890015178
0.878465460214521
0.8814124763392488
0.9158584980628708
0.7972163068214663
0.8904021855604141
0.8845409918071526
0.8477464125262673
0.8820767388370859
0.8287657532389101
0.9048131946532375
0.9044743347884746
0.9056503321869153
1.0439269334745032
0.9140999222605216
0.7824549274721169
0.9629584143350646
0.890883349429322
0.8381982043069228
0.818602310877378
0.9086975285170923
0.9788919465906772
0.9031790238599268
0.969209718139171
0.8121512779848818
0.913710865090157
0.916448896842547
0.8896631637961346
0.8240814365688331
0.863631007705043
0.8675436999439969
0.9261560089444988
0.8809392792513667
0.9289039373705233
0.8711472869585477
0.9851248341672497
0.9105841427565738
0.9422841568054391
0.9459237504361755
0.9657368627756329
0.820081983036852
0.8565794205309133
0.8283527345738156
0.9125472480011853
0.8559441475859879
0.7806016598089841
0.877719420172498
0.8603978302972166
0.9150561997426406
0.9419756929668982
0.7954714251738256
0.8476461695724987
0.8677613478094709
0.9499840665195273
0.8956926521615954
1.0107416708028378
0.9682979813731714
0.9114846312035926
0.8681309876204691
0.8859790864462104
0.8090036760482303
0.8567759978155864
0.915342206688599
0.8754859664546805
0.8909372443364169
0.8787767100228053
0.9406791970090778
0.9336847198871804
0.8925520807354467
0.7917261703157723
0.85990698405958
0.9148009892614861
0.9058858691397109
0.8570253354655885
0.9020008136114254
0.8764266189065605
0.9872874214944084
0.8635534304475744
0.8870247664585617
0.7836124295692498
0.8745009471208601
1.017631655256068
0.8990073983672442
0.7719930561831561
0.9108213245032424
0.8412921303281903
0.8481790985316501
0.9996828821436207
0.9129036850435136
0.9560772080060606
0.872107400372117
0.8777125826196702
0.9503129549254553
0.8505997072795868
0.8227120180657773
0.8937424782134995
0.932760049041928
0.9428549507987123
0.9568513144272934
0.8237805185485622
0.8940909006509027
0.9561083326609988
0.9704592103331361
0.8337487189545213
0.8941250924312193
0.9816189849565359
0.8516975577426908
0.8896506764317483
0.9897228264807277
0.8085683370212896
0.8953501037581084
0.9246709124375848
0.7774093679919268
0.8603235545889448
0.8889967328925245
0.9411259796872716
0.9644164889929626
0.8926051891931032
0.8694206270263051
0.8890006698966144
0.927965222848821
0.896274742699737
0.8744283703477977
0.9304136605223352
0.9097140760333967
0.9498366207263892
0.7896838656723202
0.9705846317010436
0.8362518391090662
0.9458735225267382
0.9971455992177285
0.9058692220263139
0.8758522691873728
0.9063950703463282
0.9332683117591313
0.8715325735556424
0.8198860753431313
0.8070473502039353
0.8735159715618581
0.8972650510405963
0.931043665380677
0.9135537446304419
0.9031725448378568
0.9467638356088219
0.859962506941461
0.8285593514779039
0.8592684843936716
0.8303284003464261
0.9996137492196011
0.9059724155949823
0.9899934988839999
0.9261090360330003
0.7848245534415875
0.8715674669279778
0.9282248928642269
0.7848876109752488
0.9085281949839786
1.0192973534538499
0.9357815055662484
0.8830819796252277
0.9671668785621638
0.9167137005413513
0.8982087563489182
0.7799204765989981
0.9401447965279214
0.874231448777874
1.0156272445149794
0.9116215709982339
0.887749146829981
0.9540396585394983
0.9547574885246957
0.9869356448605605
0.8567320254369792
0.9480386118723817
0.8867113261245706
0.9053341256491332
0.8101057647220532
0.886968045575896
0.8114934120514127
0.8887580620170742
1.120804840562725
0.8828067155945024
0.9229895108948373
0.8645625978622641
0.8801331187064524
0.8573276474436301
0.8869376232725562
0.9916935034937038
0.8604650212988085
0.9809804536039352
0.7775953031891314
0.9492080838702236
0.8488567788118179
0.8474628623326921
0.9166267995175961
0.9103021518339789
0.8052094245196969
0.8803999866651293
0.9248699746830896
0.9467289174120537
0.9395053822678969
0.7275977873128117
0.8592787276068528
0.8953261636384613
0.8426768703051543
0.9649544375656149
0.8908207541219129
0.9816850707147043
0.9342299214095564
0.8924863844422376
0.9103452508998838
0.9109245252308393
0.8773791272600485
0.9583316796670264
0.9031223865624561
0.9607742817339986
1.0012349227663504
0.8344589916832253
0.9429650945174566
0.889290587468517
0.8538443222664003
0.9206349013318742
0.8880632760767084
0.8890309423492068
0.9240749746951988
0.9520207417385375
0.9036897483162175
0.8486888936659334
0.9466883122048045
0.828450518005849
0.8174502064706838
0.9340277035550418
0.9299582802349627
0.8338659149643263
0.8925978557490795
0.8499845957761155
0.8224384567109314
0.8442708992105592
0.976529414552044
0.8113496121336592
0.9254255814587092
0.8042106526961151
0.9322419456260699
0.8693455836729331
0.9317917916360697
0.8751359695403634
0.8884402898428115
0.9603866018966971
0.9359744660913295
0.9581199221647703
0.8937078172929294
0.9420567037635138
0.9526142925492554
0.9613366775927593
0.9656043480087056
0.8842638195657364
0.9607758587620033
0.8580146919193911
0.8408830676532669
0.862341128102988
0.8845603963756385
0.8732785960459036
0.8526227576557549
0.8534996349281728
0.7896792012865337
0.953439883923625
0.9214421792413261
0.8559828610063924
0.8654082110906463
0.8475266128703929
0.9203400144119992
0.8147304962726217
0.8587090768421902
1.0082293888130907
0.9033946606530986
0.8510762643684898
0.8313807191425702
0.9576493304674942
0.8447740846337927
0.9658858402266115
0.8562300820096475
0.8441172325897984
1.0230959653039522
0.8701978896006475
0.905783872525311
0.9018019128335649
0.7926672369480828
0.9441619984326565
0.9405861375645971
0.9156001758470556
0.8982933990552104
0.8760953835723463
0.8401246946584443
0.8488250421287584
0.9199396851635065
0.8238959565782632
0.9243058168615846
0.8298306192675925
0.8584692572817963
0.8756764434472978
0.8759395983162698
0.821016608578804
0.8232343883566487
1.0365706436329272
0.8885981893105876
0.892614727674255
0.8922295227287896
0.8341826012275974
0.9090978833824885
0.9032182226911609
0.8695149785118049
0.9859821395803756
0.855088718251935
0.9111331547032632
0.8411356570140649
0.9399953673541352
0.9292615807736212
0.7477115125837299
0.9216304102939636
0.8874256207228993
0.8485575333062432
0.824561822125187
0.846435823486234
0.911366555710999
0.8800250501620345
0.8610557765979666
0.9111129035598876
0.81858718782974
0.8675323837142773
0.8925323698963238
0.8949438942305319
0.8992006840306465
0.9049077379105255
0.9671170717795557
0.8503453854095406
0.9640693109010675
0.8901428132021223
0.9149448373906212
0.9703419131549129
0.8648675208808054
0.8752765340892714
0.8646509805978188
0.7640270927181101
0.8878118339336702
0.9909408100066378
0.8535119420602274
0.9174661673227633
0.8969855672051498
0.9475904907077431
0.9779132115889212
0.8328175881735215
0.8788053629168832
0.921291009324109
0.9605451616109094
0.8612781191719957
0.948352419478267
0.8194226465207037
0.871513445841098
0.875795906090131
0.8621366401958112
0.8782761604852295
0.8279641094718883
0.907215356409945
0.9235469231628132
0.967868083550329
0.8705769607388362
1.001913570004674
0.8522234193479568
0.8474773238916574
0.9026256533198618
0.9014903074404178
0.9882526597562922
0.9759183990887869
0.9191095649446818
0.8070438354076449
0.8885264833931267
0.9013776161445816
0.8330602790267592
0.8875941803882094
0.7628440758020847
0.81773230269906
0.8817233802311252
0.8934359149314356
0.8808053618897228
0.8586923729241036
0.8843012475997108
0.9864324811253461
0.8933032364159211
0.8986318298932942
0.8824210071021598
0.9496973206127969
1.0008748378775019
0.9576103832709709
0.7952494882855053
1.046267935055935
0.8343337422206999
0.8604884057297562
0.9885139438459496
0.8729767633154378
0.8018600171463793
0.8818836419483279
0.9617906102332782
0.846099946209716
0.8330347971942195
0.9168684688034681
0.8552301986507609
0.8709059220366129
0.9214292771380036
0.7567005476406027
0.8280405087608269
0.8844981794335253
0.9535680521779201
0.9791110349879014
0.9305142669229193
0.8614018775167677
0.9529120214431113
0.9475699319850307
0.885498214637867
0.9572421001184721
0.883434737018611
0.8580147125501313
1.0760822855400856
0.8924424909611713
0.8672893322693916
0.8917183405503906
0.9037300682515418
0.9329423257767018
0.9452598468603216
0.8584786641612646
0.8636626124243368
0.9038738315051602
0.8721864537390287
0.9747553758887162
0.8981690445496076
0.9258635301302819
0.8256177511310551
0.9307773457994812
0.8668151539799661
0.7924290057769697
0.8807947599424413
0.85913916040123
0.9559846730986031
0.8003512310255476
0.9026046385263724
0.8270227379007625
0.9107174761705777
0.8926501893792896
0.9278759930010483
0.922905993929031
0.8663649263359017
0.8084951166650526
0.9540109510724126
0.9428339300877506
0.9130587441370038
0.8894667124248902
0.8246601147834688
0.9104261246259493
0.8886320829409354
0.8319918236321479
0.9663315997255683
0.9367452659118937
0.8501395081176942
0.9235145521870786
0.957399844332699
0.9233390513969187
0.8444694393589618
0.9537623822710178
0.8266719742831786
0.8386103892776934
0.8741758518258683
0.8950501981849629
0.8309398690570203
0.9652685543837278
0.9397177372258578
0.9073416013371883
0.844707494674351
0.861055497230277
0.8827558923699175
0.9519985981257161
1.0191326312976083
0.7997470674640644
0.9817577673220096
0.97235821011508
0.9960684363129985
0.9342000180449417
0.9961753223477147
0.8997774303383713
0.9770089006125202
0.916719360456394
0.8731025169901603
0.9496880987565404
0.9688808445052518
0.9424072230617754
0.9542041601792519
0.9288381697249722
0.9146319450801204
1.0049643144684213
0.8245504678232721
0.7964749378949717
0.9394537690539925
0.8771821489864483
0.7833441256787274
0.8774991329542088
0.9668782712717235
0.9415539350767257
0.7847714968682523
1.013232262801426
0.9457331109108539
0.9553319152868484
0.9058946500413322
0.8111570190405293
0.9145727693686468
0.8009285785952375
0.8725598977714728
0.8522164145577467
0.8809992894718985
0.8413446782347159
0.8985144559030327
0.9457132940608548
0.8717501199722851
0.7866982169716067
0.7867900120084644
0.8863848521607488
0.9105511760137476
0.9195409891183531
0.8827206148236421
0.953947400546091
0.8860336972300322
0.829077869482853
0.9118381083869384
0.8807312666104479
0.9354687099100816
0.9377896655524235
0.8608475319884339
0.9739858972101287
0.8966073915961564
1.0098193995177007
0.8694267619500177
0.9631918227059956
0.9995881773490033
0.9779106923316672
0.958680858086525
0.8871111734321934
0.9089421890482798
0.8440174334630184
0.8950733520552377
0.8321478741474561
0.8547451535050613
0.9015894582344949
0.8170352777208049
0.8232798627679375
0.9757617054489072
1.0086443110551893
0.9001634140581317
0.8933322352237849
0.8349466820542842
0.9586254945662319
0.9299416616298634
0.9002648672195783
0.8523727342014068
0.8661755557991578
0.8028708547786438
0.7821810776516633
0.9423670458503137
0.8780699223096976
0.8803952029950421
0.85039824190465
0.8211251435554136
0.807396590285185
0.8602742692273431
0.8190701952589469
0.936186620840342
0.7669147224170209
0.8012021376345403
0.8642587327653071
0.892298353119754
0.9267708058547423
0.8454289491787653
0.8696844683800603
0.8943957111620239
0.80809311543049
0.8963671566329987
0.8524564080628053
0.8355644843122678
0.790826846905717
0.9224239695273629
0.9362639301391841
0.8366961935404604
0.901972592321942
0.8473145375206584
0.861551990754466
0.9523317479720804
0.9149438923162407
0.919263382094316
0.7734660950832014
0.8800033255429219
0.9382917023085834
0.9264739416720212
0.9262776569749809
0.9020263720994945
0.8413230625345975
0.87915864602923
0.8714733295662823
0.9289441515641359
1.0173717107766251
0.8442002999029334
0.9050758373980022
0.8636891517051065
1.0406827648725914
0.9183977486585557
0.9315479185649436
0.879113459153611
0.8821049359924292
0.9076493225725382
0.8860137709471072
0.9195767894611508
0.906657283735349
0.8990969262412687
0.9373198668567615
0.876057828389123
0.9431489563538767
0.9592222578373201
0.9671871663192837
0.9312667926249344
0.9869755338312912
0.9432231586795771
0.9209060722396822
0.9712960332119072
0.9912237353042923
0.8657005363846468
0.8730745210113556
0.9039887772186245
0.8433280892517335
0.8359839382811988
0.9129005606387447
0.8620192872615883
0.7833512346633027
0.8660869550759585
0.9085627228037811
0.9240675014016034
0.97170200854322
1.016280733606423
0.8942693236069199
0.9549872553910678
0.8932421881786975
0.7919596365177437
0.9101728136270779
0.9558183181299148
0.933129312097822
0.9453867189571664
0.9488417017360308
0.9981926566565521
0.8915127147658755
0.8019651669152597
0.8769089364284922
0.8435287075944312
0.994072678707116
0.8652641261213988
0.9736913303856091
0.8315308655290572
0.9388423226893039
0.9548534255712067
0.8229784729427012
0.9039862101950135
0.8884304772430235
0.8968862972656632
0.9274161128929229
0.8008312858521515
0.8922643765908352
0.8867461824764282
0.8244213579529491
0.9504272000920378
0.8234828531972141
0.9600990871523805
0.9206544547345628
0.9590249862815862
0.9522592451517785
0.8904700820836333
0.8158360912576835
0.9279286544158212
0.8940182620388093
0.9219048939938507
0.9085907751508575
0.8040614558283351
0.8978268027920322
0.994144649882707
0.8259825417153565
0.9319935320321696
1.0087689296178832
0.8156845938836784
1.0057200746206623
0.8627425175216717
0.836130585996826
0.9031346362513171
0.8615858153124382
0.8321041730190046
0.9185842515779298
0.8884051547942091
0.7771599919869788
0.9637659018419992
0.9471502226102456
0.8699532218249968
0.9324750523538098
0.9621085308384596
0.8341434485256274
0.8868333686908262
0.8924965165715698
0.9136814600242092
0.8872591127723987
0.7943018938999553
0.9456355725151748
0.8811477177189233
0.8330929854297197
0.831075993355712
0.9006176788855629
0.923938179795631
0.8785995760740483
0.8932914164021031
1.0143530995163725
0.9054549528164896
0.8638952226082649
0.9098809646908973
0.888598823382972
0.9354117809790367
0.924929160864066
0.8937203080262067
0.8730233919234088
0.9011206617009396
0.8176752662190713
0.8880314126167344
0.8920267860841946
0.8986509100976163
0.9708651551387049
0.9194102613686223
0.8557061390121788
0.9549528752921509
0.8392426357752937
0.9672477732011847
0.9510279608975907
0.9533210394763506
0.8479087475368231
0.9031849967023851
0.86140379783372
0.8742925649626638
0.744591462866189
0.9199036380806307
0.9256455933779794
0.8272574916276879
0.8712930025146998
0.9954685729636891
0.9502954074070458
0.8968097843006756
0.8887397697761678
0.8888537608646586
0.9196631995958623
0.8018513080865111
0.9355581092206626
0.8219101230534777
0.9872899016040353
0.8864608081519069
0.8377990629188607
0.9135961727844181
0.9181631006061064
0.9802761270409116
0.8112497901119293
0.9572478387206372
0.7850361569608588
0.9405700784493934
0.9492326445626548
0.8469052759032706
0.9254834611929256
0.8358287923503286
0.903271090906642
0.9160387326441183
0.9019339902501656
0.8285685932658753
0.8772953219457583
0.8964378008683584
1.020798872793881
0.9468951673470459
0.7786351181703393
0.9671420176526383
0.9231640447256688
0.8579232350450189
0.8668968857093221
0.9593820024025672
0.8652693416831357
0.9206408489418774
0.9441313403428059
0.8483653263935352
0.8568818989965453
0.8981986656779487
0.9410359081053996
0.9425986441707667
0.8713038257115348
0.9162739748765691
0.9348807682054273
0.8905647725226077
0.8504434285692519
0.9430997715598698
0.9249826032145948
0.8416122940615198
0.9285411255580348
1.00567282175218
0.9287338745866841
0.8987911939746437
1.0035695364490658
0.8700792876498507
0.9541197275280452
0.9509545903010408
0.8309661094524902
0.9394980662122033
0.9676464948111445
1.0133597543543607
0.8426889032816224
0.8403316635060484
0.8821531705945092
0.8629409775965308
1.0105770307167146
0.8344403699390939
0.8686218174225074
0.9564595105272872
0.8864395596015405
0.917762846770526
0.8681347024330454
0.8745734119254037
0.9385227715599358
0.9121766853385754
0.8704142989723365
0.8417690882778337
0.9084248796773885
0.8783981354094847
0.9376643980895296
0.8472065872008822
0.8560462193157772
0.9513503572165058
0.9376133850351426
0.9224419567611787
0.8667641392226547
0.9043450561969468
0.9380588030454738
0.9154057848915588
0.8609237745320351
0.865967547870522
0.8465475833403721
0.9103999809577359
0.8490209187132544
0.9488891572750737
0.9121633974206266
0.9138805486177844
0.9642153739922065
0.9219753609625237
0.8964531795527506
0.8752680450028621
0.884169829535872
0.8869530181164706
0.8385600442736446
0.9257019728575142
1.0150446856245887
0.9557947824484645
0.8611870565419669
0.8796740245752335
1.019694530321243
0.9208876048987058
0.9252792217661334
0.9150878625863624
0.8962187942475937
0.8795787981438857
0.9594662319095825
0.8216237079716143
0.855796210208491
0.8905106357456339
0.8992238127958437
0.9182285664905024
0.9155948220757649
0.8214618408382798
0.8852113743612584
0.9893753177710509
0.920846847699459
0.8467398486076464
0.9151204175731649
0.938267110765858
0.8364659751496524
0.9473933607278856
0.8347396293617745
0.9121254859467955
0.915209744056416
0.917759642076045
0.9504927745574028
0.896981661541879
0.9313571234914866
0.8968969354487744
0.9814534736440063
0.9005814211063932
0.8900530064384395
0.9313053631848761
0.9257070562761511
0.8988795168974548
0.9510452251685958
0.8584586669980765
0.8983164761629772
0.8940928695247875
0.9734744841072938
0.969317157275512
0.8705812623964195
0.90372175344522
0.8680377138788664
0.9082476564115067
0.9826173100339931
0.9624305707900311
0.8931343362678917
0.9231023797675053
0.9452484745343311
0.8388588209899426
0.8947848238703179
0.8467681085701331
0.8984949624855859
0.8386311358079914
0.9544216218248968
0.8689912673804878
0.8861354830555093
0.8791802226789781
0.9008753184029179
0.8668126094591629
0.9515159836047837
0.890159614144866
0.9058797929951419
0.8663433648628114
0.8916914204207329
0.9280564100480824
0.9169691099247228
1.025704334935442
0.9654475111706051
0.870925988030939
0.9720253103306196
0.9464964799436121
0.9081873569360803
0.8853100380975568
0.9379419869624854
0.8794801399686649
1.009153967644992
0.9470773354188877
0.9090960286408123
0.8924568213177029
0.9808599405901142
0.891579068145747
0.8527515611884195
0.9607861538312676
0.9699931076552074
0.9476380135885464
0.8240448817121662
0.8638247566711624
0.8941780743255957
0.856224483310529
0.9352330256996464
1.0026135578853526
0.8075489359813928
1.027347300780314
0.9871273451085079
0.9712717182594477
0.9490321783460058
0.8453510722046828
0.9123481771642185
0.7883855123678136
0.9287728236523081
0.9034798282910423
1.0404611029546955
1.0082646203725176
0.9798824066543068
0.9530227470366841
0.904863652929968
0.8783361547364508
0.9666004558368586
0.9412530879442425
0.9501651138995583
0.9446757975928749
0.9672013371824764
0.9911531240096024
0.9158193482247522
0.91365158189988
0.9263738510774934
0.9337543669976944
0.90899641479116
1.0461649245816467
0.910409368722097
0.8879090944477144
0.9366711789308756
0.8964502068379514
0.9774264008068105
0.9413013577803281
0.8824924831638319
0.8212032523144546
0.8825105334595313
0.9623356036942121
1.003760293704568
0.9495718339861687
0.968962671687071
0.9806079703810392
1.0194944405194866
0.944561498445786
0.9683555983474696
0.938970266511538
0.9763213489552734
0.9592347145540399
1.0003487804292963
0.9360156777232471
0.9426795282267035
0.8799408220027757
0.9099567051733871
1.006237535145047
0.9368224353774031
0.8551686797840373
0.9211554087782559
0.9332565723773014
0.9915273982749375
0.9291386047379157
0.9410394409855478
0.9377881680520569
0.9361260531791057
1.0244316488072895
0.9643447118784326
1.0015043854671926
0.9573216944785201
0.8573764230704826
0.9322102386763111
1.0482344907935348
0.9645759828147754
0.9183772902049596
0.9099349245001694
0.9005219033314256
0.9491116936936695
0.9672568224073278
0.8290466448710994
0.9115630124421371
0.9861593203629682
0.986733189314251
0.9890171619647752
1.1079819382056628
0.9850832669756064
0.9048136447385413
0.9751349365525939
0.978537045684923
0.9953896373491522
0.915410860814833
1.0613874071060647
0.9048873333750799
0.9787016628424535
1.0067670006264413
0.9978047714777546
1.039712615661513
1.0110775965414451
0.9475204265339114
0.9861550881205646
0.9479568073436226
0.9093935906596466
1.012476808772953
0.9121117888751971
0.9323141947772816
0.906648692408248
0.9573025827335986
1.0188742698745208
0.9392593802132911
0.9494835842099043
1.007688737076406
0.9428947612954572
0.8954252951306638
0.9993535706251807
0.9886598527290861
0.7998476315405656
0.9618437303245638
0.9155894887222783
0.9301070239304434
0.9516626428238435
0.9141587055833331
0.9043680055896468
0.9422547646625787
0.9289100060200086
1.0305759122959146
0.9718486041003266
0.8906125702264459
0.9861674628246495
0.9740547250417896
0.99469174688744
0.9001260954137207
0.9249756759678075
0.8677524926494561
0.9058856856350024
0.9531018431886563
0.9554804787657648
1.0434614880004625
0.9094046093437635
0.9924739677812391
0.9449209726296218
0.9825792672720551
0.9302081447262878
0.9634419758339108
0.8891242795245434
1.0333108475100958
0.9017803734915802
1.0090572813343202
0.9040221549074124
1.0464698346841435
0.9384291131507381
0.9114212377878487
0.9806329649400051
0.929661664621741
0.9347993935149975
0.9724573346323423
1.0247483607331322
0.9386947538074273
0.9810134466783971
0.95766438764635
0.8994444055664961
0.9254202579124913
0.9841269469738916
0.9840431237043643
0.9382193224189914
1.0508513598589644
0.9551625278621323
0.8618617252325836
0.9911487867358183
0.9037726641972422
0.93215387558821
1.057094774791724
0.8599346203875813
0.9703983139950998
0.8556122249526608
0.9091336957166986
0.9428379311237238
0.9597647253701407
0.9351636398664105
0.9740510675895437
0.8133908045560356
0.8740914454391933
0.9696562011411863
0.953936846040836
0.8769405250043434
0.9508928163203946
0.9318137801509407
0.9050247961617779
0.983727876108964
1.033461060532964
0.997473762826022
1.05757847350447
0.9092033261943948
0.9166134166732582
0.9300344246581044
0.9762314585942297
0.9976302656411313
1.05587430553832
0.9787448691844196
1.0090217431412296
0.9723658098204381
1.042756696397506
0.9664570404319784
0.9829170716485098
0.9799023393903288
0.9508313266383845
0.8489053843473964
0.9708128411005178
0.9703316628313877
0.9683270495280198
0.9746282832342091
1.0264455002680135
0.9833261941259871
0.8765305951999697
0.959654221177479
0.9668023941427357
0.95899147755486
1.0242295925892095
1.0512095449212808
0.9298027792696946
1.0182510304534405
0.9921920085403464
0.9032979544757676
0.9460175182829411
1.001343520679694
0.9320352659576558
0.9553022550646791
1.052951373065483
0.9264646309064618
0.9653084618608326
0.8941790952042892
0.8849599198694694
0.9255526145012181
0.9391928132700926
1.0452283146530787
0.9807824970645768
0.9580385760032752
0.9160627794547328
0.9969122278545639
1.0012804401295998
1.0430507258167436
0.9388579869990452
0.941591765869685
0.9676641471214997
0.9745701323179666
0.9996082714223306
0.9444502641036238
1.0335411841235094
1.0013043353504285
0.9130682701499631
0.9776722055577912
1.0668784543435386
1.02210345396389
0.8919628572223559
0.9635905862899748
0.9651592823038296
1.0270997911327173
1.06634627325776
0.9593096650438923
0.9104816352287719
0.9694307122936827
1.0180748847975696
0.9832753473658264
0.9823980565086008
0.8807154004344744
0.9754741516453305
0.9238383840419537
0.9494382994713321
1.0152291766254051
1.018326731451912
0.9762631364288158
0.9872939853694237
0.9895382701916746
0.9601754221068716
0.9773823649581366
0.9809678982989417
0.9688993220070002
0.9789487453249651
0.9453342598115603
1.0483727674365022
0.8979941983715889
0.9487978955220995
0.9505359293979857
0.9538406573970699
0.9740313505578257
0.915637499345386
1.0165666687996238
1.019753557260759
1.0810462519810429
0.9779934701803117
1.0294761591253727
1.0142152697584166
0.9331828631157978
1.0599668893165264
1.0443786218067583
1.0161369762906676
0.985877120983417
0.9954038883616796
0.9762874013208183
0.9553138172092783
0.8622877655457911
0.9442351414007734
1.072406598213432
1.0101549511477717
1.021350505220395
0.9650484402082858
1.00157806659674
1.0461518973028205
0.9936956726404005
0.9884214235110917
0.9705055748974049
0.9485541886785374
0.9729707712603031
1.0444621837092982
1.02858670280349
0.9387093106912925
0.8874311585789121
1.036170436710421
0.9218938871137028
1.003772726788191
1.0229892679474093
1.0462406283606038
0.9758567322190914
1.0363615569032432
0.9736710820326824
0.9020418085692775
0.9649561361158632
1.0271071086206105
1.0741545495089624
0.9182900879409088
0.9580670662747618
0.9669805697765117
0.9714683895128202
1.0062100018155424
0.9741743924659516
0.9682347455349951
0.9542917635921582
0.933678805433676
1.0241397274010424
1.05282510631469
1.0125000815450043
1.001443292340772
0.9540686023006179
0.9616996199474276
0.9485730618988856
0.986302958664725
0.9620104091552205
1.0660214029846249
0.977657982841574
0.9347493120558609
0.9912479629441054
0.918771272018219
0.9254565989997232
0.9823613313998911
0.9410250290457545
0.9464458003634667
0.9704953402638357
0.9754901331648048
1.038178873285371
0.889382808857848
1.0219000522429582
1.0028006118192827
1.0366320990442033
0.9936284981028255
0.8585669344205881
0.9843432017502739
0.9898461353537087
1.0244021699278363
1.0076874469125057
0.9825278328667957
1.0070337253722468
0.9583636271246468
1.002295994592912
0.9788024182917097
1.0048072211559294
0.933272659558424
0.9829007995806555
0.9929626198040711
0.990575162446465
0.9702686986807588
0.9315821657694695
0.9700618530508583
1.0069923017111992
1.0355811786781064
0.9515969464244827
0.9460605272241138
1.001894671930498
1.0420019237298241
1.019400825886113
0.9314904754087061
0.966672767357864
0.9970057175420484
0.9469359770146
1.0727343037114228
1.0752355653719634
0.933820160111677
1.070731524817756
0.975392665103793
0.9325751978404051
1.0502457844134208
1.0383876082210453
1.107764051450107
1.0520530692591512
1.0157545256576903
1.0054278287506109
0.9766923472669934
1.0070720280730865
0.9807444500936261
1.0276841654035727
0.9881277197814958
0.9016914599501178
1.0108315054384343
0.97237885933028
1.0911095562359043
0.9517848883093579
0.9794912641920994
1.036614972416479
0.9707559394231293
0.9389525974869412
1.009268561283525
1.0213794300711594
0.9902463935022036
0.9938058526310771
0.9439882427753671
0.900948107669639
1.1172796347651885
1.0713955085212599
0.9369269457237049
1.0265475457856639
1.0254530655773908
0.9977786851221501
1.0689847964036758
1.0606968069707963
0.9794520404084797
1.0395806401639216
0.9785121924926554
0.9683398451677998
1.0500252645980819
1.0240726919216097
0.9626582612929291
0.9771413130272353
0.9687133977030891
1.1109609358065273
0.8982159193112107
1.0476643685775215
1.0397184342694126
1.095066827891078
0.952069424788249
0.9754253498236701
0.9704255499806579
1.090820375867946
1.150194141507976
0.9691407904666162
0.9934434176531771
1.067519830012588
1.0634740995611764
1.0467231761083575
0.9609796496605248
0.9881317942264929
0.9798482967893648
1.0022422303180234
1.0669917165953944
0.9253612715554537
0.9807837574180174
0.9856118987520959
1.0497979684561807
1.0740105624893987
0.9649447448119043
0.9433284388360341
1.0080201641894475
1.0343116396452474
1.0359607782927205
0.9664235894539077
1.0148422261616195
0.9839331593809141
0.9891402101339705
0.9738596149972413
0.9381859102830608
0.9211359880986798
0.9907914263512744
1.0151546014571289
1.0078706198881064
0.9197279121665103
1.0093479553389493
1.0077587274847262
0.9760947092046195
1.0066939685531042
0.9787017038009082
1.003564228836495
0.9893210183723709
0.9989741975928421
1.0050502583353318
0.9990944516712243
0.9849366479146087
0.9575493044130874
1.0961433302712156
0.9855616770437621
1.0930767286145688
1.0933614554023767
0.964317851896062
1.0550200138290262
0.9862959052828091
1.0265589264840576
0.9750828497600136
1.0452513554371543
1.0862297087486026
1.0540489581571948
1.0283350737603403
1.0643943251321508
1.0004355397063165
0.9628667798062637
0.9539838984467217
0.9908797597335853
1.0585611001201216
0.9961115581664999
1.0298483008714314
0.9569064283529631
1.0244329346809398
1.0266877253907007
1.0169639177848837
0.9535078522381226
0.980920815038421
0.9859590634591539
1.0059437015982984
0.9938026304051315
0.9575161809175293
1.0187677275109095
1.0009669491620081
1.1529669958149518
0.9585263279402099
0.964787351150536
0.9873217377447353
0.9760504435168761
1.0087107525610486
1.000187140774918
0.9738845032445134
1.0023160834207323
1.0465529737911925
1.0116488422710734
0.9885215716480734
0.9498096215794838
0.9817905818903372
0.9615590104630724
0.984310195183739
0.9839332654793329
1.0294962604324074
1.0802211423890944
0.975972351340426
1.0250738594165076
1.0018903223463753
1.018268439536338
1.0623492779862356
1.0490804647576337
1.0318867370810187
0.9728467316822447
0.9274312732620442
1.0433849379495312
1.003410953483057
1.05186932461837
1.0542574637338844
1.04126409757883
1.0154323971911774
0.9890188683316842
0.9403082759061598
0.9296826902450617
1.028477864650526
1.021164765096851
0.9992716478933068
1.0459444118479377
0.9071224649078772
0.9506987573033227
1.0232135917045233
0.9314693064373349
1.0200628278690445
1.0131094594895105
1.0321904091288854
0.9881467332698493
1.0058896021327148
0.9987885695944638
1.0767446964876304
0.9953573488337382
1.0619578008715551
1.0036726473076012
1.0649781622570988
1.029986226887297
1.0671423269039395
0.9864850814173932
0.8665215264254003
0.9907405126885295
0.9961137853728315
1.097461114430338
1.0056748573838703
1.0810560491200025
1.003407204524203
1.0247252219382217
1.040972735440309
1.0645904778780595
0.9926946437009857
0.9509930417831107
0.9536841202064104
1.0753542284601323
1.095041160937268
1.0740485526382049
0.9624884056448761
1.0387954549032776
0.9804654809022446
1.0393763451172637
1.056862773484
1.0367455919650668
0.9678457682021969
1.0111268224439032
1.0047443440435808
0.9888147482155059
1.030264130797851
1.0736045227819917
1.1138418880597791
1.1090307641304653
1.1117809163362493
0.9315039432779498
0.9953242408901194
1.0459800326688546
1.0491202830774466
1.0470391247074988
1.0429798442453249
1.0019384125478636
1.0853664801232026
1.055806139427759
0.9451223114669265
1.0137284854415645
1.005164419393555
0.9986862582946034
1.0354647450310321
1.0018382720795553
1.0552340846821495
1.0600384524087192
1.0205515719828304
0.9824252796415996
1.0202259870817654
0.937547831459184
1.0015792639470364
0.963576174645952
1.0419289314794413
1.0188312859411897
0.9899362278653098
0.9219519876366626
1.0613587254171508
1.0605138818636757
0.9466885371851725
1.0127893843747715
0.9489231537516905
0.9579258454559924
1.0671402710668938
1.0562701064569273
1.0368070165858492
1.1527653959722934
1.045069711899245
1.0394958048174012
1.039507692581018
0.9125427640825381
0.9994109324956808
0.9985598646272998
1.0332951492433227
1.034816736512544
1.1263099045639227
0.978651329753298
1.0007707591866335
0.973436299693539
0.9643542059141493
1.0209156364297953
1.0241969827637
1.003188678474622
0.9508730725456859
1.0277692586382172
1.112982117274528
1.0285742629157744
1.03297759542841
1.014865964833048
0.9763209741611474
0.94055749327162
0.9955553663115386
1.025702710451478
1.0218872059918382
1.0170769638344992
1.0157429711844508
1.0452320347225712
0.9681041225920258
1.0565580478284182
1.0953733086613444
1.0018403789617871
1.0282729853620465
1.0065100268989102
0.9284276116024772
0.9363758336319414
1.0747527490277045
1.063573328455511
1.0288475055094835
1.0168429531860659
0.9727281891370233
0.9995851173652215
1.0661995891106586
1.0834458864096297
1.0697085269768314
1.0710623054412358
1.1278815225374776
0.9308240409457638
1.0016650824786868
0.9092990919073829
1.1007726875445656
1.0308917298931906
1.0953451366807656
1.0217757096406035
0.9589670021347635
1.0117426410520534
1.0122804608344067
1.0531484404531495
0.9947221830284187
1.0106625310355795
1.0900983504093549
1.0491666444975312
0.9373954317284094
0.9131940268729668
1.0262479886482785
0.9595486085826296
0.9209839529993463
1.0925358930934
0.9985816253780727
1.0559604140470578
1.0307513505655443
0.9863395231920058
1.0521653078130986
0.9765202922561028
1.0862048381438787
1.0831107756503429
1.063330688558765
1.059100594938276
1.037299767503529
1.0183257218479345
1.0979498974412176
0.9292240175974107
0.9479394462872691
0.9900656836988585
1.0071717830378688
1.0481957762289096
1.0401607531728028
1.0604465351299854
0.9353136188097635
1.0527226179624507
1.0601985230134763
0.9434859206916983
0.9593590044241797
1.034208908856733
1.0493562563843553
1.0384949755379296
0.9750982429222542
0.9966983188845738
0.969478129495712
0.9938089175614816
1.026994249116621
1.0430657381518844
1.0834111415956742
1.0146996009126235
0.9799817609062393
0.9736969193932763
1.0561071650440863
1.0513557325832101
0.9714937391149464
0.9612634343445091
1.0235065661153198
1.0151320805255328
0.9998952616386982
1.0729648796889
1.0877778948201173
1.0824236980220692
1.051187179677832
1.075216681897725
0.9756784540748751
0.972852776652229
1.0268677170678446
0.9609387272472654
1.0044667139770465
1.0942159526365347
1.0409862341882006
1.0382800473179579
0.9458204660713101
1.0694955214408932
0.9757081949011743
1.017262250118585
1.0572078108166982
1.0572331733836529
1.046882329949995
0.9709107218689825
1.136716615287571
0.9675294816192446
0.9723091128055836
0.9752133020375338
1.0640119403064972
0.9691585104051185
1.0089613293191269
0.9876512413788947
0.9817678151902612
1.0118386773242594
0.9745740244406405
0.9234708660957074
1.0329854845515698
1.0450618258060893
1.0114196276894898
0.9987869318303599
1.0620281481470744
1.096454085229196
0.8629692526180963
0.9652126196848665
1.0616683422999627
1.075554507024068
0.9822988686905467
1.043599225604611
0.9693939882723344
0.9572228100852107
1.0469014123556464
0.9411702123981884
0.9213997231495046
1.0347943563970956
0.9431699820179741
1.0188410225366553
0.9506389864154748
1.1313672789701323
1.0923129516416803
1.0985374811832216
1.083434669409261
1.030167223805079
0.9040683625543868
1.0288365615474335
1.0239471791712833
0.994972421838765
1.112030175253944
0.9902297146279481
1.0308367944648926
1.1501907069869588
1.0481847532251225
1.0305872251284087
0.9588659619470346
1.0033317341452601
0.9926382256485963
0.9878704874200233
0.974392803625299
1.037118656671642
0.9912790354075397
1.0786030755027387
1.004978609300521
1.0203581280580831
0.9366397075643192
0.977606248503549
1.0225758299337555
1.0207627467141132
1.0817901816619677
0.9922238091099157
0.9577011522695895
1.0035750170319158
0.9042765772819403
1.0522414214194145
1.0313808860355282
1.0651155170765638
1.0387783050747164
1.0251005798686048
1.0484970716183273
1.0444916647636362
1.001471275142726
1.0509230620662648
0.989236775760224
0.8921226239099447
1.0566463668361505
0.9675102847406001
0.9983757676730969
1.0227961444693316
1.008665912871495
1.0904332361261946
0.9401652521086707
0.9885925381906406
0.9793462944573305
1.0411717813617025
0.9369015762531742
1.061188886383863
0.9540435996902232
1.008687711618739
0.9934809666591919
0.9995328305876966
1.0247088640870607
0.9758170382888003
0.9683745598304868
0.9920205109895888
1.0073542382349963
1.0567140415839285
1.0996021812875683
0.9980877077907889
0.9950816778023022
1.046426178132312
0.9866054747799724
1.092057267113243
1.0095357170025536
1.0176730758807369
1.1442081924480143
1.130595004372283
0.9520310262981758
0.9270676056566098
1.0214323487138248
1.051464437610229
1.0792362297675038
1.0423406372360093
1.23017061814368
0.969479285017008
0.9561493671143714
0.9184402333187127
1.0492366559487731
1.0621694445415664
0.9864318655660819
0.9603577941134749
0.9774082138769778
1.0428865366206819
1.0266976185659058
0.9949886905010925
0.98001273361657
1.0877695311594389
0.9885712045248892
1.0189531159544756
1.0117868165161188
1.0514955536793775
1.0919976454984475
1.0109575156836612
1.01702905972454
1.0106136748004861
1.0243351224028496
0.9830261765671581
1.020423028918074
0.9687536378781585
1.1486080540950117
1.0834299752557772
1.0645339694820717
0.9547630244677366
1.0531969518841366
1.0418481089126124
0.9900875716063319
1.0436287748242177
1.0123775885083426
0.9735381474091418
1.064673422668106
1.0836725683558495
1.0240600563643099
0.9687631012057554
0.9336628987364538
0.9789443938805477
1.0209390549531203
0.9204843856643367
0.971412463236376
1.0190600402092058
1.0826086381772995
1.0353823946192255
1.0654143787200945
1.038578168954308
1.0205449801363653
0.9763377753119364
1.0309681679260663
0.9230937898607952
0.8963316004298885
1.0297197537905098
1.046329489359865
1.0580238729933131
1.0283641032888902
1.0725963966324252
0.9961359722272425
1.0612829437364932
1.0003415294863567
1.03966495052511
1.0253419351256505
0.978319695490115
1.0493406398987166
1.0237802014513755
1.061969702905751
0.9692970663308437
1.0478930546366825
0.9929702262560414
0.992322099214602
0.9746766963471529
1.0833093012863493
1.0158811854037924
1.0747124537036612
1.0104179343161959
1.0522480776974605
1.0766664142432414
1.0979170524726125
0.9435655331504034
1.057694922627097
0.9834637211469929
1.1146302764650522
1.0227764594639126
1.0895556712998364
1.0046254760057878
1.0385454903252687
0.9926340743554679
1.12981870617254
1.1235364029479105
1.037282987869215
1.0396758396167476
0.953806269949801
1.0422601985728623
0.9597456303775779
1.0694351004052147
1.01954566657457
1.010656747332749
1.0398071144812717
0.9827967483890852
0.9712427649289326
0.9963246198535054
1.0316195029195083
1.038982305371081
1.0486400298809753
1.0116691389206571
0.9752109246332158
1.0376444708909733
1.0509113483305585
0.9552218287608419
1.0731249367612372
0.9485770085950813
1.0588309291436842
1.0373360288796394
1.1474839287960823
0.9657341335015196
1.0356106590182503
1.0785767672307232
1.077514617492252
0.9894850331544144
1.0680660237859672
1.0883498474232816
1.0172338612027805
1.0789217623580338
0.9921093351986071
0.9716125237202807
1.01295664424549
0.9900883034273411
1.0307984260086713
1.031803697937163
1.070479738585059
0.9964697790257397
1.0022745250785374
0.9774176555617289
1.0833272330245363
1.1419223345717733
1.099316521144004
1.0205430027969327
1.134321429584497
1.0753169556620978
0.9781369030591793
1.0379129225307964
1.0466044176085663
1.1001897225794832
1.134255925690591
1.0137182853335773
1.0012603804587583
1.0617189930960844
1.0424816694140993
0.9476809520147335
1.0617365316989351
1.0405434106184805
1.0446091940583628
1.0396087795673625
0.9699607264453386
1.0116838751382362
1.039009965751993
1.0024335506116466
1.0498159185463805
0.9093133565821945
1.1122465302722546
0.9312637466466364
1.0136852025636789
0.924928214180936
0.9991369762010441
1.004171947167378
1.0005334277786397
0.9730251324124032
1.079598136157963
1.0697566583743994
1.021323491664618
1.0830356117194322
1.069775673417054
0.97611540859406
1.070202586885842
1.0041717953585023
1.0284322018655996
1.0019428446908898
1.0046208857609884
1.1160269432681444
1.0053055404358862
1.0057220869852321
0.9887777266581868
1.0197217219086954
1.0465096875074391
0.9509035218821964
0.9756837069100446
1.0003359424448612
0.9618683988673183
1.0320138481711338
1.0610210816534418
1.035231120645692
0.9921721775263017
0.9320636843701708
1.0779330254349668
0.980942738321185
1.0611273773585128
0.933156269320168
1.0216282061654227
1.147130411247625
1.1267348818728344
1.0038628458472374
0.9649505773247719
1.0341441144213015
1.0112186566353192
1.0014890074200384
1.0168944040286056
0.9861860637392532
1.1445959932472776
1.0602216722846851
0.9197616938343699
1.031584291061178
1.0257197555038697
1.0460753770431357
0.9624130144227109
0.996049160999685
1.07060604950291
1.0282350762828487
0.9499541870838373
0.9400669479025328
1.0647481487661423
1.0397881358687848
1.000901574792189
1.0003531218423398
0.994669968922878
0.9911787196065015
1.0345858829371188
1.0229227743754408
1.0328988901305274
1.0922885853240327
1.0056599251642158
0.9556344225185263
1.0725161908743488
0.9766391127658581
1.01481996855179
1.0399104595903417
1.0044220397459431
1.0623218845811266
0.9875900801670449
1.0539508372467907
0.9884843024590413
1.0047307019664362
1.0519691254652608
1.0563248489055432
1.02035172136749
1.0321725225803653
1.0095594017939822
1.0595502300086168
0.980311026568358
1.0098129101453845
0.9671717821564598
1.00016469446451
0.9310751043697946
1.0385062747114473
1.0608687603025166
1.0617531115750019
0.9628057095253291
1.0492235860175816
1.127647280612314
0.9539675576540824
1.0389687056095163
1.073613387763179
1.0588054778898146
1.0223229325963714
0.9988471302616139
0.9640111888597802
1.0519560010889708
0.9375919366877048
1.043760843047769
0.998089503827732
1.0678258523997457
1.0182276234271168
0.9555712761398771
1.0604481635165242
1.054236126161638
0.9980480858296722
1.0150351114092206
0.9925263402927504
1.049809967888271
1.0046157840607655
1.061679696584546
1.029919954042947
1.0849249646534393
0.9580102008154053
0.9668809203850501
1.0418995549105319
1.0339145046639717
0.9809246611945609
1.0278060043825588
1.0283672623494347
1.0116249383510696
1.0566918991418928
1.0621057184230889
1.0711655478134425
0.9987782038821634
1.0981712321308283
1.0502952360131135
1.0066553679090455
1.0297808653087976
0.9834310185659004
0.9528891214738084
1.0996302257778117
1.0045156296615676
1.0856228316103294
0.9672747730057581
1.1177143785433845
1.0106156214997268
1.0082741492049707
0.973838929445778
1.032782667914122
0.9893653111518935
0.9762443332590413
1.0264212773273012
1.0364746216515717
1.0553823226628543
1.134244745233198
1.0377733370961209
1.0713280062256418
1.0451526104872655
0.9778973615038963
1.032510718411311
1.0593945162231413
0.973353553287985
0.9799056601545355
1.0609763803463994
0.8988308290786646
0.9902636720723486
1.0194757066704727
0.9438419846757644
1.1032908840404294
0.9192586201195698
1.0542578550846875
0.967788850418464
0.9918277299845268
1.0492546265811609
1.1060755250236667
0.9988989144060131
1.0663951938956977
1.0488069454192417
0.9832848503807426
1.0320786727866438
1.0046419076880795
1.0446598179373785
1.0696131879315325
0.9874407773212442
1.0045662466164986
1.0402003298346207
1.0672084813973055
1.121711715045937
1.091736170063244
1.033165919207559
0.9796983084289692
0.9980716293715088
1.0326902306354633
1.0659191892200606
1.0031969904244475
0.9802283632122153
1.0458776022386758
1.0347154429008774
1.0336471092274777
0.9907837297883124
1.0023433799838384
1.0202546646712423
0.9829297945570633
1.0783929166160608
1.0338055143391116
1.0381315262383684
1.0450677262004322
1.115786029704561
0.9846861533589093
0.9805384859023729
1.0319999265220419
0.979096216500478
0.9583713750027181
0.9927021177877309
0.986366938630982
1.0713364894763875
0.9914992293943085
1.0296231530466229
0.9684565831148492
1.0753343784789644
1.0904201648054181
1.013829432055569
1.0186804609797664
0.9905807139437875
1.0959097007485814
1.0853170617975039
1.0096337742989747
1.0288694926239175
0.9992295491458532
0.9720398820617678
0.975814905519726
1.0343956833905754
1.0144259794776065
0.9988814698282488
1.0397990695861563
1.0833443666663147
1.1428635361714259
0.9710056216206648
1.0072496122413803
0.9574327630813544
0.9457676924812973
1.0689340656666413
0.9925664587389725
0.9869756992543917
1.0493667802721847
1.0679860672226176
0.9810385925350068
1.0116714318330602
1.073728690684976
1.0572422539555253
1.0572170055335235
1.1918066533102267
1.0168336989589553
1.1018985748988208
1.0027475768991982
0.9103269453624517
0.9840800761686919
1.0724494150140966
1.0294573108415783
1.0313286467091354
1.1425104001632542
0.9986742358348799
1.0639212076793723
1.0150700443101308
1.0203594099384523
0.9947178529905906
1.0750480043285402
1.0234337932383513
1.042777200151026
1.026733733719571
1.0913226928290363
1.0714509286707679
0.975664505447712
1.0510936677944378
1.0242248407794032
1.1557210733728083
0.9946131956137692
1.0638417536590783
1.0488800336696054
1.0148031553580186
1.0505186544817995
0.9670821508059283
1.040151733728928
0.9568809400917073
1.0232995963468796
0.9822977529954853
1.0207379791551867
0.9716752111849991
1.076512483486684
1.0696310265759867
1.045419135338091
1.080435922741827
1.0082705416401976
1.1297850530861795
1.0462925928052604
1.033502160438414
0.9831219863248118
1.1085102908800983
1.0005149817358483
0.961244187638103
1.129496443318944
1.0243224361700434
1.0378855032086765
0.971908758482757
1.052570670217662
1.0308629299293015
0.9990685210577163
1.096352398942358
1.065853743332841
1.0742304152865527
1.0295383492446388
1.0321238274468074
1.0189469602256727
1.0281606498043931
0.9924233443521184
1.0078229167983979
1.0402962831614375
1.0004267230718256
1.0331788167350167
1.0246243045248016
1.0855943236003134
1.108337806322142
1.034353730181425
1.0055054071279077
0.9358103053505034
1.0801034669063199
1.0112748413108987
1.1074690277941068
0.9208482969547102
1.0953354167633857
0.9711845942706607
1.020284155683519
0.9424346921766539
1.0887870964301793
1.0253806234000156
1.013189190058133
1.0243776891438676
0.961395153996544
1.0530510686478927
0.9956014549813395
1.0442303585406885
1.0770089177189561
1.0331295081940675
1.036738009506467
0.9995597586969763
0.974148910451687
1.0251376403449577
1.0090905481263277
1.0193973397571214
1.0189048465674824
1.1209657092999568
1.0225250827534693
0.9331156711467913
1.0761926787275273
0.9668727455143997
1.0075063477107815
1.0417745312971851
0.9662978010210218
1.0479099502290812
1.0324421064648381
0.9678555672987146
0.9995022563336304
1.0334895384408591
1.0268765797537216
1.009414038839765
1.106677438748573
1.0385358806713372
1.0695946963824061
1.0056447926698278
1.0097825101363271
1.032444251435881
1.0294698399623319
1.092321800038887
1.064108710807932
1.0293792459433964
0.9342373064631381
1.020639010461207
0.9991692410513782
1.0066373779796127
1.0555965645355008
1.016504370998598
1.0084061029130962
1.0807990703259056
1.1333965921321483
1.0357172794017786
1.0607110897715148
0.9499483699030721
0.9738764932385071
1.0140380028252478
1.009490760145825
1.044461041903153
0.9894791993248926
1.0388065684592556
1.0485868370236051
0.9640743620891048
1.0202206528437667
0.9628423517112795
0.9592835455721463
0.9522980168674691
0.97837770282504
1.0999658312222735
1.1195004650444134
0.9882209314450984
1.0240681191346308
1.0213361421702802
1.110671079290547
1.0513498937541252
1.0121464586842828
0.9305731371858839
1.0174046893544593
0.989404449748549
1.0375110213749796
1.035714064942251
1.0489604351176307
0.9694344493679382
1.0983460655349075
1.0809749973180072
1.0693956080004623
0.9695626388809231
1.0128263180150772
1.0664747534991876
1.0426306510802936
1.0604252488545398
0.9815836426909306
1.0684623661385406
1.0725192234492198
1.0021749814349799
1.0222219593144353
1.0909159238961923
0.9767283298920364
1.070566059320016
1.0569601702910059
1.05449364164509
0.972029365554624
0.9845097955198008
0.973253888508135
1.0385355173242046
1.0031062199121281
1.0601169060945776
1.0795532570030852
1.0641018015441297
1.0432037022228569
1.1796462555994036
1.0311370379880664
1.0467946424482508
0.9905007530555239
1.0179359663637817
0.9770716082064825
0.9946749977560303
1.101585296751908
1.0938338990446124
1.0326152652531944
1.0264157548268795
1.0263771055271331
1.0983867463193544
1.048849872516239
0.9513457045586009
1.0695128148495439
1.0471296281347247
1.038178753343143
1.0597063834232225
1.104861315980044
1.051382287033444
1.0557567247623756
1.0745163179559771
1.0813475206716907
1.0597114779592636
1.0031837527827343
1.0250830971686704
0.9828388950406969
1.019576458172417
0.995597931786742
0.9614111261314442
1.0494033971862478
1.0464498219799114
1.00712478277232
0.9177285004856498
1.1193750434500032
1.0682786393539077
1.0042178417199044
1.0546876118375668
1.0360745073079385
0.92781777755483
0.9938861188356607
1.073473049715917
0.9889989125340501
1.1300568366067862
0.9293672432844688
1.0256622521469339
1.0630871976174388
1.0160471698158213
1.0039548057421668
1.0176622165004914
1.0517952843179437
1.0497625314424592
1.0834970180304937
1.0772651524400074
1.0822608222667274
0.9704286403536824
1.075473693705662
1.0315902404220216
0.9855838961411243
1.068547456893166
0.965249157474959
0.9626723177588473
0.9818163886764426
1.0458625955084675
1.03512089299196
1.0071748610823583
1.025588687552391
0.9983507336365816
0.9863345121342486
1.0946773344800262
1.0617066782638542
1.0928314589221366
0.9590175207596974
1.0149683039208939
1.0125211869897872
1.0005920305484133
1.0518399831021004
1.0310551779918777
1.0341990957696898
1.0086893682790445
1.0898729025332494
1.0017725908876471
1.0605796218047083
1.069655494126151
1.0234485985028146
0.9617058365266926
1.0744465694009042
1.0494997002557291
1.0582602552039433
0.9934932071007383
1.0141385254496003
1.0437018316217066
1.082763490590858
1.0172883248956588
0.9141979965264746
0.9872069824025232
1.0018330790723031
1.03295291037327
1.0139569728583844
0.9672824570957881
0.9846423996073443
1.0354334868743518
1.0424847532253703
1.0693587051014384
1.0110137687060428
1.0309596854834964
1.0533053158477825
1.0422186501033728
1.0338469533584658
0.9981120391436135
1.0737420889554246
0.9228697100088111
0.9699470516767451
1.0209095528772767
0.9890297267298669
1.0006306496268094
1.0108457955207322
1.1373075826070569
1.1506702302639336
1.0005314252053725
1.0084163280361034
1.0683773724915637
1.0276407116748896
0.9433260741496339
1.0310069737494723
1.0138816289286483
1.021614883077931
1.0530841983444597
1.1125112975474911
0.9579391290064756
1.0505320076537557
0.9910952900459753
1.0106768452524968
1.0164155237765387
1.033702509986678
1.081166420036301
0.9807721231598499
0.9465916897300812
0.9691663602234369
1.0427146369445721
1.0353339095048177
1.0362971108911858
1.1263652502592567
0.9499579641224908
1.0036366349134667
0.9412816364483844
0.994837283289112
1.0651922920592465
1.0185014345774708
1.0243059137096675
1.0584649434460576
1.0518119662828456
1.0077830747811412
1.0488723875133574
1.0420877002343087
1.091896441053455
1.0063155754321482
1.1226230633753902
1.063879278920801
1.0568995851188145
1.0257194406393666
0.9957449936041056
0.9758071481660447
1.030953083388473
0.9631580201771478
1.066794017619809
1.052460289854604
1.090761206338682
1.06704882292031
0.9867291635620226
1.1054762887497758
0.9523032417164295
1.0719269142926051
1.028804962593742
0.9909045843602617
1.0930337542393347
1.0535183567554747
1.0101308943039178
0.9724517982083571
1.0041506933790425
0.986512894932085
1.0785816453997616
1.0512001609504258
1.039783555246824
0.9932179316856123
0.9415532946073333
0.9615141325393027
1.0690354862316769
1.138641705089167
0.9543951938479731
0.94064213332959
1.0401757700113927
0.988326511264315
0.9846140449410521
1.0089929431760438
0.958066135853025
1.0922579996458845
1.0315567690186984
1.0353185357535715
1.0288871962846653
1.0389822725112619
0.9743711079487185
1.0206805494198559
1.0788505979850178
0.9825450478590014
1.0262162202416785
1.0628472154803816
0.9897350574870836
1.017602919507711
1.0221116052229653
1.0193104799307684
1.0133472606109657
1.000673426799873
0.9868230175388688
0.9961509490227737
1.051225216605152
0.9566069398154402
1.0123268751779997
1.005108434676901
1.022416796690528
1.0893679506976943
1.0621279835178
1.1084555879252302
1.0383976586977517
1.0471857923624894
0.9280127191697292
1.004287515076749
1.014296625266802
1.0466377944629113
1.1002468579634561
1.0141741133855806
1.0744178145924006
0.9235360745980763
1.0289856376673612
1.0184820714408758
1.0310867414662606
0.9619547698086426
1.0207849135534883
0.9891846300624297
1.0495554019366353
0.9867920412986714
1.0060228632581003
0.9948014781050263
0.9945904995601231
1.030338741164805
0.9646761363069636
1.087221353698361
1.0197417223499579
1.084952313020167
1.042075006596305
1.049974450288699
1.0236119845766116
1.0561131306383338
1.0543488039967628
0.9834563648268521
1.0732830227740506
1.0298263909121992
0.9635130161547051
1.0778711580461602
0.9826243761304538
1.047170828834108
1.0125107672908187
0.9566248708303424
1.0190164894642548
1.0702945655086686
0.9813002369125093
1.0366985926201666
1.1248774337510556
1.007959446406589
0.9984609272360916
1.0886050551496274
1.0122121255788041
1.0665961410787252
0.997700721469746
1.0777741604634894
1.072491251847953
0.9633314545933372
1.0439616349877312
1.1001121176582642
0.9267061915431052
0.9901890125460575
1.058534758261854
0.9715977859868516
1.052480988539032
1.091689124891983
1.022294441842099
0.9819886468963045
1.031561999304735
1.1162215524657344
1.054569511846562
0.9992784186733266
0.9347585696914611
1.019199002638595
1.0704992937478535
1.0718466842916583
1.0433879087252915
1.038554229901584
1.0595910235004977
1.0405373645678495
1.064093267680891
0.9342590679797245
1.015886263859178
1.0553439000332259
1.137715436706067
1.1325095894881627
1.065702818485467
1.1208644328739044
0.9903210969514322
1.0707864651852206
1.02678912016679
1.0863148556743325
1.0349447273617742
1.022856545133043
1.0639839807671982
1.0124185834590314
1.0494360163903278
0.9795166779788554
1.0204842977916502
1.0377351271898894
1.1096236101225465
1.086905611757576
1.0518323733006052
1.0225986505670086
1.0893381999055471
1.075885395195042
1.0490740179937874
0.9759984588151328
0.9866930415309335
1.0381889417951125
1.0072962288435365
1.0166635093241467
0.9808543335667227
0.9926878648085284
1.1033313999121726
1.0451067891843469
1.0157895858973667
1.0441533413728408
1.0852100399989022
0.9992353754732256
1.0163155961675097
1.0445409058112274
0.9330825933915555
1.0212759448835775
0.9835481296954331
1.0409783436768756
0.9514295483262469
1.0176000410646262
1.0708775874657368
1.0140568545095798
1.1412061866362178
1.0018018290651451
1.0691197836730297
1.0187581855182823
1.0504297080414238
0.9775538023853866
0.9946171772020356
1.008130505911925
1.012776661623665
0.9267073908458072
1.0287076346102946
0.9550726710732456
1.0150145012882856
1.0530762070420066
1.0429558045326086
0.9827546287596053
1.0887172816164914
1.091309417032034
0.9991311060874055
1.0118157229265823
0.9672817791173947
1.017280918765793
1.0564686524525266
1.0404371540712132
1.0755001626605303
0.9790370150839359
1.0197791355741954
0.9794879281853086
1.0319935253634382
1.0195142888354636
0.9682609567558176
1.014836117150586
1.0847487684623367
1.0591029054650485
1.082024720597788
0.9973489630074388
1.0354268668365247
1.0695014824734494
1.0587947968528741
1.0954777960204396
1.0313277582598637
1.0076195708309328
1.0164312663101494
1.0123139001562151
0.9269112051826331
1.0073194688658416
1.0083784610054698
1.0975870092799398
1.060419511781436
1.0728635043580559
1.1693842003180268
0.9515895455673468
1.0622746589195455
1.0517925533501433
0.9912283999194729
1.1028320440784722
1.0695726368860494
1.0054146469340504
0.9809873329519456
1.1027892454788315
1.0271989845247027
0.9694132115881734
1.0066600679262223
1.084981707180552
0.9729719128873439
1.0940415522335578
0.9752811172656612
1.0861149695745294
1.0977318088935086
1.1232798571932392
0.9684637752085719
1.0670105219822086
1.0465953244091912
1.061647461919083
1.0305888529527039
1.0137384589819745
0.9981126513264157
0.9934105093476219
0.9961175772684464
1.0335612582696987
1.1032968578290157
1.0273217685637817
1.0226498799625212
0.9933103139073074
1.0073612833576142
1.001508248213534
1.032355525821236
1.0525875133467495
1.0095700749690026
1.018430519415095
1.0099704699716867
1.0355239134341836
1.0260501551010428
1.0555468958738374
1.034299080206205
1.0304246007687126
0.9256010801087541
1.022509514100754
1.075372502437709
1.0074272395558175
1.0045774459867598
1.0388312831078048
1.0038523427814663
1.1577801922603874
1.0139055566371966
1.0255936946747934
0.9896452626845726
1.0395554139956027
1.0713028777229303
0.990174560446955
1.0135143753657012
1.0028118951898128
0.9700600342477366
0.905035943485962
1.1002054310000107
1.014036418591494
0.966147155139065
1.026521338147493
0.9900398619911436
1.072920733884214
1.0408559256230197
0.9738098601805336
0.9232949894738243
1.066272373735491
0.9696539769935532
1.048526361872647
0.95609761477398
0.9375301602297983
1.0036568107090837
1.079951484519579
1.0558363235060644
0.9969177927088382
1.060331295849546
1.0452995076319118
1.1320523022440638
1.002082051774603
0.9387591472526013
0.9686253724748725
0.9522444434105055
1.0823453086140882
1.0313785894752923
1.0051051527893389
0.9187450560874848
1.0703374350154184
0.9836031554394161
0.9663786389741342
0.9853563390078769
0.9651890405643425
0.9584528534989158
1.0009935524364688
1.0305539804064534
0.98449790460438
0.9540853329665162
1.0807582027777671
1.0254357657647883
0.9656014900339349
0.9196139024281065
0.9420139773612101
1.0268924153387686
0.9898281727213645
0.968137289115304
1.0531783322773607
1.004804557499951
1.0289247317642185
0.9890004086466867
1.1143492506625907
0.926487283935524
1.1038724113412581
1.0829872763558284
1.139069311887436
1.0221482021948056
1.0214841785833049
1.020956959565475
1.0153614939683013
1.0259315680053933
1.1414073599471315
0.9980375073393492
1.0417149634517855
1.0572049080828547
1.056482744166694
1.1225278771652163
1.0252959745896573
1.0439333971641895
1.0015016453367598
1.0188385205469608
0.9833605708442561
0.9991996156244191
1.0684844400830273
1.1905032753327736
0.9298730125692269
1.0376022378477285
0.9601896586036884
1.030140132355132
1.015785039490709
1.0263217829503695
0.9887280142354907
1.0597902804667128
1.0663506020548925
1.0070986107345403
1.0606403980416084
1.1626563163919545
1.1098078745522317
0.9983718369189626
0.9546059055709579
1.1003998965759856
1.0374465057970146
1.0730915070169413
1.031699779609731
1.01759653179061
0.9964419589554181
0.9909888094469241
1.0443258889559255
1.1177430227723375
1.0552727873336771
1.0199443939154822
1.018632195121818
1.0476664804048976
1.0377785768284453
0.9807508880500087
1.0743049074867084
1.0721617145824678
1.0349665874508098
0.9830889663859262
0.9938978350533467
1.0692018861731158
1.0401362251959814
1.0687821393426171
1.0534452698817582
0.970247033439507
1.051409614926047
1.1548682286792278
0.9645073272064266
0.9869094794247928
1.0925635590506397
0.9800841483107702
1.018542397424862
1.1079381987626098
0.9548599116008943
1.0033655626192741
1.0621946498620034
1.0941302273737317
0.9943694014389384
1.0561127776520827
0.9900809192821372
1.0854480262978075
1.0157123642404866
1.0126273856110384
0.9535139067768865
1.0253244258704166
1.0462778094631164
0.9477619725921048
1.053062569003058
1.0692832886796182
1.002269665006677
0.9788308120954364
1.007816648134905
1.0587026331087943
1.0224403787496543
0.9818180952850382
1.0330529533960224
1.0723865474446572
1.0399816465602678
1.1078907748077598
1.034823278229985
1.0503572014138955
1.0384679776376573
0.9979206291477886
1.0174742620311366
1.0975667111098724
0.9488763097034763
1.0067034305356886
1.0398306156079182
1.0040160363715174
1.050009115240943
0.9718235961792401
1.0796921406389122
1.0167858205071152
1.0895424422815978
1.0269538225987591
0.9740659970284675
1.0483508146692326
1.098711977894693
0.9952289436218584
1.0407624737721866
1.0620073449640277
1.0621811582604295
1.0330193397437184
0.965135250296009
1.0140626903021814
1.0490489773058373
1.0090800614699975
1.0162838437374015
1.004856074825876
1.07228328692738
1.0236835227661403
1.076641050604902
1.0566952618247405
1.0381954244066942
1.118183426223329
0.9876216040575325
1.0131648417626873
0.9641225900547445
0.970204028146006
1.0933082397170686
0.966447261932782
1.0560853950355495
0.9872798271929883
0.9763537164334639
1.009697193097422
1.0588298135712695
1.1286501202678194
0.9516192471434493
1.0192093967198579
0.9938996584261728
1.1189548514816687
1.0245796419467417
0.9489167868549756
1.0266260951563102
1.0068472306958804
0.9905447019986696
1.10205368759009
1.0505065786982133
0.989261520822821
0.9635729870954194
1.1372399729669411
0.990739346850435
0.9128678567112446
1.0384976599881979
1.0317809036850076
0.9398985223412701
1.0247546247583748
0.9672949760700862
0.9878810583376724
1.0373493548298174
1.0566863249962495
1.0234622084108191
1.0126453360752943
1.0287204287499865
0.9670134657369753
0.9445118971908153
1.0586150690826863
0.9925946254102449
1.1195216519088054
0.9657064601035095
0.9802290157912207
1.0350273631465843
0.9858352199135181
0.8567551422380879
0.9871501871142966
1.0537040346010456
1.1270872481219507
0.9930865505427364
0.9451599301051972
1.0504959961861102
1.0194965637791247
0.933961232840472
1.0258960377091892
1.0314960790637895
1.0885439146751805
1.0657087161975893
1.007547255912809
1.0504232274894558
1.050153758980226
1.0535698673537846
1.1149771000796713
1.0148519324286336
1.0617107561454084
1.0142341682032403
1.041665301704965
1.0319801751924782
0.9962236587622096
0.9521666749783253
1.0317021245178621
0.9966611963555607
1.030146203125986
1.0105701378077012
1.0030055624965553
1.0203418562502173
0.9478320902406349
1.0523394129610084
0.9779711734055423
1.0456172026730917
0.9784195312955841
0.9235359319173321
1.0062260128477232
0.9833889793751303
1.078318003718003
1.045740303307198
0.9495556023789452
1.0180956137430441
1.0456870633899435
1.096802440244012
1.062080463117073
1.0458216083189185
1.0166041727241342
1.0312667914439557
1.0956540213464323
1.0011832623207775
1.0898079554308209
1.0547066847844784
1.0349093459552625
1.0734386948940462
1.032648592993926
1.0742102358236365
0.9935159250781403
1.1185560926546154
1.0557655717744878
1.0879053113305566
0.9535164139800781
0.9818596076812738
1.089002392425811
1.0835620408123994
1.0766563679846015
0.992252400726333
1.0304403046242763
1.035860758414987
1.0367222970700676
0.9847425701634643
1.0549467937672805
1.0979907874700487
0.9579391615679812
1.06609407662276
0.9863703576747244
1.0287568409797911
1.115500395265069
1.018911969850664
1.0815021587421767
1.0300409648465834
1.0502364202699161
1.06606651878427
1.0173413981891732
0.9694637366726468
1.0809591856621472
0.994157437906485
1.0272410975708737
1.0064501606118021
0.957741338774672
1.0433024998399847
1.0280516705784626
1.0241905986343611
1.0266438236423885
0.9878139926279643
1.0778604372912484
0.9739945946015618
1.1317248140952674
1.0046295398465246
1.0310859925051625
1.0834422527806533
1.013086734452492
0.9917951089696059
1.0024898911336833
1.0488145335413936
0.9953831864700019
1.0819058483552078
1.010453051446552
1.0636207684734593
1.0297372178696098
1.0692661337209626
1.0510414435256112
1.0637381254818343
0.996518369632486
1.0902801424467523
1.0073079548346942
1.0822439900727796
0.9813478820607128
0.9545734962738817
1.0155867480539051
1.0555893969217442
1.012881483251172
0.9938194490217249
1.0536381651221962
1.0180063301427538
0.967071015228403
1.0140222490762336
1.0556760653955353
1.038149854048203
1.060188766326353
1.1065995188639657
1.0299192911647732
1.0943712173840474
0.9888877286527001
1.005675746714756
1.0263199392058362
0.9872606974373587
1.0952030524541365
0.9681793514183599
1.032537989656439
1.102985914246397
0.9693802172746219
1.0014846259816024
0.9755651609444334
0.9860088230302743
1.089430354025521
1.051826489864
1.0220736547831246
1.0118432648841502
1.0162883065215467
1.0838936331807538
1.0341521963226632
1.0285831047986114
0.971214739439258
1.0596889930181739
1.0158474799711552
0.9103787518633601
1.003198578432401
0.9888032011282698
0.9693406712404689
1.089958916233689
0.9979919407241639
1.0258376340869353
1.0539309338246396
1.04864234786786
1.0344417445503633
1.0375134779199637
0.9190098814543101
1.0917461481016986
1.0585458705243238
1.0122510662978168
1.0338430113034438
1.0441505012100205
1.0260622673158104
1.0452811374633932
1.0839715251932072
0.9688167380439489
1.0187225538133262
1.03485287044267
1.0525888976607327
1.0098757679425974
1.0883746653916475
0.9602768746806088
1.0876262102177296
1.0074350342973024
1.0662008273122683
1.0406070376209084
1.039860978640861
1.066947279823058
1.0027454208885531
1.0931284667441508
0.9734020114166233
1.0364547426808668
0.9860544382573094
1.0471923355978743
1.0123301539211416
0.9769260464890862
0.9895391993079429
1.0582365609805557
1.0704963970901984
1.0190507038576786
1.0285400604949355
1.1126000581080626
1.025342366591375
0.9977397878556282
1.0748180749284866
1.0406756532272126
1.0689538459460994
1.0630552829393278
1.0145705605289728
0.9775151499595632
0.9969180118249353
0.9985895595464727
0.9587000678162884
0.9924405828523348
1.0695354371934758
1.0667701669878822
0.9640665283861511
0.9747997517738821
1.0330118046236978
1.088448747780278
1.051213566209897
1.0267321426379863
1.020852812776797
0.9978479107727849
1.113336959623012
0.9847606876632945
0.959729462893703
1.0099983802754307
1.0262139622112185
0.9525805612280843
1.0005076701804192
1.116506397513325
0.9493486001819469
0.9807055970824394
1.0179795808939325
0.9856375981973113
1.0512912739577704
0.9843614508575435
1.0537768203523188
1.0864378997203388
0.9800341418893359
1.029050531772682
1.089185385163745
0.9468037415595901
0.9812271291308039
1.0078319747889342
1.055989652684202
0.974990201441162
1.0109747928533717
0.9505263087444173
1.0513985768934595
0.9600883666995861
1.013507929429548
0.97824818259248
0.9896445380508392
0.9474804473381696
1.1115422011149758
1.0200672147592726
1.0710201883320225
1.0239907784218638
0.9951352489338041
1.1292159956780894
1.0738793236187463
1.0909914150224345
1.0410243408044273
1.0845527521671021
1.0843435864997248
1.011007036913203
1.0539259924911974
1.079052087827181
1.0451770703810122
0.9708167954231568
1.0813452120197553
0.9727203054150076
0.992047517835255
0.9608567502586927
1.0511897631648337
0.9738366658871042
1.072739519263441
1.0092119727349216
1.1233620852378279
1.072111735728945
1.0913532212582
0.9988130509185198
1.0488978066814987
1.074987549836713
1.0763475398188695
1.0747381853112201
1.026770438446594
0.9634912203000858
1.0412046378516613
1.0185844605768728
1.0144850822182072
1.0190413118254391
0.9898762333259369
1.0141690656979039
1.0235944442390486
1.0165200413265012
1.1063430418128615
1.0166265327942405
1.0659373101677807
1.023187316854241
1.0013129393216178
1.0304865592500299
1.0434336885805628
1.0620573917177645
0.9963477169344529
0.9848234314365379
1.0264062283282496
1.0870662057654226
0.9814549709687403
1.06158214450294
1.0534708975745726
1.009788150447856
1.0845543733271756
1.1293948220447636
1.0060682287909168
1.0111151171992667
0.9894750710537333
0.9909947607538778
1.051329226257169
0.9951761425863515
1.0099304162931901
1.0619966584793796
1.0148215435699808
1.0449667052232248
1.0115097504429877
1.0322077810328545
1.0570753008774865
1.1479473737159438
0.9729123848640426
1.058638150551493
1.0762477063769869
1.0699532423370837
1.0294103111483055
1.0677161090141378
1.0492210185369149
0.9953463950009459
1.0007404269650286
1.0356077534352215
1.0108978178669772
1.0812356432908907
0.9721678203035543
1.069442968123274
1.021494768607749
1.0270525850186998
1.0031074087592156
1.0339208873227683
1.0155556566059452
0.9853477365337778
1.0547946870311302
1.0899607269562168
0.9082880517192484
1.0205545575665163
1.0147820949176392
1.0762812933728971
1.0096997245575199
1.025540281847181
0.976115035042634
1.093469982372021
1.0547840602154839
1.0975873207669586
1.0920020580221523
1.099718866853972
1.052513679551839
1.0561062535704253
1.0411250893836592
1.0571150147784607
1.027541398503854
1.0841392623920663
1.1163802313186753
0.9550354701036468
1.0049580747169833
0.9916074129558949
1.0575277471108318
1.01281313077916
1.0298329208433097
0.9576327471481672
1.1341556081621602
0.9713921360216876
1.079402501438936
1.044875169077057
1.0236217814323718
1.0252269104898433
1.0812884958936564
1.004593181459651
1.0235347931184409
1.0406788639757096
0.9842223811859523
1.153431875075804
1.00616967889471
1.1281845382254567
0.9861715811408813
0.9594259490056797
1.0855386755159018
1.0242841453891953
1.116753644171988
0.8923618480811352
0.9929743189154958
1.0390248114362557
0.9405771882337522
1.0262660286596779
1.0124663399545246
0.990698860281013
1.059923934002612
1.0565015016155361
1.0756442968436315
1.0625777872130555
1.048139585000922
1.0305278443096912
1.0412019350963324
1.0279379296721693
0.9463290789869987
0.9568653894366811
0.9570058934604615
1.0121141612294953
0.9957333123293576
1.0440655645915409
1.055818822857771
0.9937290037249037
1.0247933090457604
1.1052657357932238
0.9935741943081274
1.0315584736367447
1.054385985392432
0.9882876648551495
1.0629374248252494
1.062027388654499
1.0061172219729864
1.0385585437249194
0.9957550696005598
0.9921709621721722
1.0075646400538383
1.0022670448636213
1.0323765659366757
1.0175068692367712
1.0747395883507753
1.0953745798089964
1.0831813736736104
0.9936433651644233
0.9664364231151094
1.0604534921289535
1.022621832665276
1.0377273787176868
1.0223070330109165
1.0879710512548812
1.009272224153439
1.0470972707666253
0.9361930315771203
1.0012522700402517
1.1661326431443875
0.9826312819521101
0.9592720727625857
1.0539829500424527
1.1003562740608783
0.9729210097415717
1.0116200626903575
1.0874634310433526
1.028532136879846
1.0361257581804781
1.0054246945593237
1.065077378253445
1.0655560630025218
1.0008234615707918
0.9455453758874733
1.0808611669200103
1.0669483794219998
1.0340660577928837
0.9559771604003626
1.0206703406184243
1.0606025148788354
1.0240865295967023
0.9607778629738256
0.9641104705613769
1.010400414489485
1.0263849737802482
1.0563792821641025
0.9479377595613018
1.0782624556750555
1.0440824705290914
1.0108468967292357
1.0417515772981987
1.0416547117151538
0.9765872805653232
1.0325844871295957
0.9983864039485888
0.9745314813752609
1.0292381219531204
1.0687340487917187
0.9987419115570277
1.069860022510924
1.1158426167323263
0.9581856453162307
1.008825064995146
1.014827962667086
0.9884149534070948
1.0201055224616922
1.0491519132653422
0.9844184232523396
1.0504630830892574
1.0198079623782224
0.9989766893770844
1.0590476549051573
0.9813181418161822
1.0541620000813443
1.095770226657051
1.0430373552516676
1.08041406843265
1.0637177130005584
1.1010698431215866
1.036756561253192
1.0252922539907208
0.9883524116745545
0.9807684784705651
0.9920555133128839
1.0994947633119472
1.0695317889631353
1.0070005146540844
1.0123200092722926
0.9848768185655085
1.042504339148964
1.029768795326269
1.012843004115671
1.064749983562705
1.0657001955728993
1.0929551979913033
1.0235354230739377
1.0410185135893968
0.9755610655845656
1.041116899607464
1.0044486302725186
1.0415034978486726
0.9972936273562434
1.0692839697557264
1.07940896865702
1.004690076199101
0.9937544272074267
1.1007087177816293
0.9850872823092881
1.0580881917616585
1.0531664712076112
1.0497081615355528
1.0669522123998645
1.033828935997338
1.032021369853153
1.0582558519567848
0.9890608025247597
1.0524247587307713
1.100651902378628
0.9981183799676153
1.0326066493884207
1.0893682649834064
1.0508772514685476
1.0349435433877447
0.9789220283126606
0.9957318623305308
0.9744304794016342
1.005968395350428
1.0088341538648937
0.9985895268514615
1.0632551694273262
0.9561540739396213
1.0544855372883968
0.9946781351091157
1.0443371440317049
1.038354754183377
1.0272319214404522
1.0749028162950522
0.9817766701378241
1.0173620836514758
1.0272630158711364
0.969113689792682
1.0177305365093536
0.9951702617475688
1.0088597823186423
1.031209005170449
1.0220805164860947
1.0612104181895199
1.0302851285350982
0.9805899772145231
1.0087400546512542
1.0451365458810973
1.0013776380809833
0.9745780109953102
0.9943812197285178
1.032923096466743
0.9970070049092139
1.0287354767827759
1.1058762243072289
1.0685520630571506
1.0221163720643194
0.9908901000484321
1.0161510640083689
1.108293141307594
0.9540862171752696
1.078560606870172
0.8991013677993781
1.1909092831290076
1.0178341743971946
1.0236375842412
0.9736230157600303
1.092711702523739
1.0023589388131833
1.1010195545002857
1.0348668619486818
0.9552235549350168
1.0246420048027316
1.0473843099986682
0.9779780353628348
1.0964395695149445
1.0087457344373794
0.9959287500008303
1.033867892839164
0.9699829972760662
1.0276978318927212
1.093184388203834
0.9510702628465498
0.9831870030679883
1.062706244525408
1.0078627567296885
1.0518251239516894
1.0630255203668193
1.0039644482189185
1.0799118253091347
1.0426051560619911
1.1231325902287606
1.0199580583081567
1.0293834097122172
0.9854737111284728
1.0148697222407692
1.010979484429452
1.0809821398503816
1.0053285507062408
1.0497304306957516
1.041079014622031
0.9514340902863866
1.003679845739117
1.0604507730589603
0.9919750334561497
1.0499208559348137
1.0669484447734492
1.0586435755497148
0.9536887045574798
0.99517590904071
0.9752450301489481
1.0267132415396123
1.0456524248361514
0.9560198301032957
1.0312781285837986
0.9401742561536123
0.9958371580781067
1.0057880204353415
1.0522750690230367
1.0530889744837382
1.0181972338229452
1.030951804206252
0.9853026783447074
1.0843455264351805
1.016713467123449
1.0674649849035684
1.0127075974909925
1.014197039906786
1.0229646241573866
0.9929561760579213
0.9973268000442803
1.0629821204939378
1.0963909870181647
1.0023385279248356
1.1139262112480628
0.9480439469695177
1.0571759450123661
1.152943570526917
0.9929368826368943
1.1147800191642598
0.9622297525010388
1.0973703621398345
1.0407939779786315
1.0803899075888357
0.9652869617775122
0.9820205311249095
0.9466799837911603
1.0735746532418657
1.0128884021570754
1.1186482932523472
1.0344218826435736
1.0423230874022975
1.0395015693209353
0.9983653220649316
1.0288197848353788
1.038345080463101
1.0639995217402434
1.0642857600822
1.0865057438457146
0.9649753563832915
1.0548384917833291
1.0456873450722284
1.0925712567264936
1.0520895932800836
1.1239968367847044
1.0675554850305349
1.0298146426526709
1.0656375728888565
1.0289460439640428
1.110136663995425
1.0328566780661135
1.0545946191547524
0.9867418198246958
1.0526921919744487
1.0170934032553829
1.020946701686535
0.9896163477343781
1.062800794636397
1.0478857543065616
0.9722865052361043
0.9623629907673455
1.0506750231722117
1.088883135812095
1.0379549658535034
0.9801098983135093
1.0544909898478956
0.9667914553537307
1.0543060592822897
0.9914870413654426
1.1101711964806484
1.0304499701988337
1.0266940561568334
1.0546894486297813
1.0468914582080813
0.9639973350291023
1.0280076281820156
1.0406206380980718
1.0170216179564902
1.0243568493677186
1.0064239565515767
1.16348411464549
0.9880675860247906
1.0390279080407072
1.0003221946577563
1.0861655825236154
0.9215810686070977
1.0506642676668165
0.9848022822510534
1.0896066521669705
1.0149449684320733
1.0936171500643246
1.0397199070633576
1.074869819238614
0.99238577322698
0.9794911346850635
0.9794308206277851
0.962888827303293
1.0650293196378182
1.0058464931187994
1.0329444284577556
0.9746034114857465
1.0829530045681193
1.0397667241743884
1.0112587167516123
1.0609416183632419
1.0148792994899218
1.1935995988030421
1.0455678318586608
1.060505558060728
1.0876777081676612
1.0427041245942406
1.1234480203955428
1.094251053867488
1.0251359625216667
1.0364736222133
1.049741674120348
1.0855404967073723
0.9570264523919516
1.0387866105018533
1.0407399496465486
1.0340149976527389
1.0019806847026944
0.9953575051877075
0.9830061226485576
0.9601538342154398
1.1130832447081138
1.0670559669117756
1.049830640441646
1.0013685183683478
1.0525394959558203
0.9754575577298933
0.9941821401711474
1.02533137701881
0.9900315280242697
1.1140439401614175
1.0477324799499554
0.9238607099829745
1.0044952700542422
0.9978434531422322
0.9895152329777104
1.0813899404382403
1.025736769732382
1.0265568841315438
0.9973397087723097
1.0555472629328533
0.992649515254483
1.095425628513927
1.0417920992432752
1.0261787837485723
0.9480509963384879
1.036117947993529
1.003099702810196
1.0522793425435673
1.0637656022949817
1.0391116401035563
1.0091448081700505
0.9985568515411544
1.0214880361808212
1.0136342147155306
1.096689922108362
1.0133712281298357
1.0361706820791545
1.0370345944213184
1.0693316747193429
0.9931797065932975
1.1416120393709663
1.0604066373092493
0.989364047766755
1.0547405941809647
1.0197873423895396
1.0286196668027547
1.108513345953806
1.0239886673986658
1.0712715286847452
1.1074424165422767
1.086159458481723
1.05188843449614
1.0553517147467508
1.0490550876809421
1.012209953499775
1.0206212741217444
1.0263784947768488
0.9732564737688623
0.9295380363409128
0.9747039004656328
1.007917607046626
1.0529726347414037
1.0220526241087433
1.0507363504004918
0.9902110182750852
1.0168244064805552
1.1361934415675405
0.9921609536101352
1.0362879719898292
1.1075460841372577
1.0179149423238227
1.0388812247869088
1.0571612862599022
1.0556047555413466
1.0251080802731747
1.0810202770481392
1.009976745830085
1.0235307537391454
1.0415154035645042
1.012977338874823
1.0261517840608552
1.074302381141527
1.0223929232237658
1.02353028593248
1.0741772050487384
0.9930989311739695
1.0290940155237862
1.0316829645724173
1.046091576827734
1.0448565554779776
0.9674802747500505
0.9939173396194653
1.0532610458094904
1.0240738022052807
0.9444421497096709
1.072814901564104
0.998815285689257
1.0684082117449107
1.0220051118619857
1.004848291610196
1.0042685894553782
1.0887058040623392
1.046131406299824
1.0392738869924174
1.0505827719030356
1.0823708852464724
1.0133589985592897
1.0912214243544316
1.006867905960629
1.0689642213715653
1.0155351268293538
0.9972747031797882
1.103075017059076
1.0283895167831805
1.0483441360470143
0.9983005567637507
0.9972951932195224
1.0021613671658989
0.9244684305035397
0.943721561743168
0.990374608043931
1.0195562234735456
1.0049555634087681
0.9834787816887068
1.0302015480340456
0.9743970923864672
0.9901097694666152
1.0141893524375074
1.0521904360116803
1.1094642921981555
0.9808038215046181
1.0963837435858617
0.9763394081434064
1.0597031901426477
1.0597813565977467
1.0086310205067068
1.0132856079116337
1.021964186639198
0.9972204267208087
0.9784678114233638
1.0698442255691982
1.079433731481581
1.0435328229596519
1.0501173633035328
1.003906318131345
1.0060032717712903
0.9876762268621029
0.9869231703078981
1.0534940563635347
0.9915310197691123
1.0355347087235256
1.039800655878683
1.1110989807688254
1.0227253084413583
0.9203743649270824
1.0397814260191267
0.9692566517929708
0.9941500127160425
0.9918550443243656
1.041418527267191
1.1033340736750252
1.073444064499943
0.9961240851711065
1.0311368799140892
1.0258704693398293
1.0592825722897854
1.0825819832710266
1.0358672413899772
1.0020444346973172
1.0437077137072754
0.9444649206558182
1.0480702594427518
0.9510125652655093
0.9824064738979428
1.014532137727744
1.0111210008199776
1.0779239604252353
1.0307142462626493
1.002024197633607
1.075374347645642
1.0443740769843561
1.0392558454235903
1.1179455880758833
1.1312138721094396
0.9861608556601001
1.0748397168661024
1.0272352469154598
1.027157540437389
1.0060702767401424
0.9971666634411896
1.07959809455068
1.0397764135770977
1.1033595154304958
1.0532389308221901
0.9258709770146194
1.03076863015352
1.0125524620578796
1.0000285525978174
0.9670581916770034
0.9593477645919036
0.9805118031828177
0.9637431127402848
1.076271806243848
1.0480881996730447
1.0338899919503755
1.0412772042428893
0.9953638992297889
1.0359028214406187
1.0206724518711567
1.081522908954779
1.0130347995993538
0.9956202380979975
1.0114692449186093
1.0893935117261924
1.0161470625945785
1.0281308472411415
0.9511152328641556
0.9956471333262569
0.9507801644809646
1.0916307712588933
0.9383826219521612
1.0186749246409044
0.9949931831570183
1.0621007254666157
1.0578490879652536
1.074446848577639
1.0905517763674426
1.005233172021378
1.0053096156574288
1.0216213661754407
1.0434591933464874
1.0268912131703287
0.9956163183384896
1.0638312978193336
1.056716140041238
1.0359849965579535
1.1070679496648625
1.0053335500559277
0.9416298351834615
0.9867355145804302
1.119421791065432
0.9665994508113938
0.9091029316534198
1.06982798414795
0.9322700778904297
0.9604196156853438
1.038665014699824
1.101891115533678
1.0339894817102162
1.0175897136742191
1.0367599066347692
1.0335809760770398
1.0091550296609073
1.0445226247062773
1.044044420442909
0.9831809154129231
1.0109116467428179
1.0308855611760457
1.0637215162495266
1.1284699133903464
1.0491883548582734
1.0248550455273169
0.9981563352834163
1.1438707820588154
1.022670993247553
0.916651522376714
1.002179467761462
1.0981603535242024
1.0119464991075924
1.044359926296989
1.0249470891970933
1.0110258747782406
1.022903029117265
1.1667616314210552
1.1015770519508794
1.033420802842976
0.9583614494029632
1.0355494854706222
1.0219575524169806
1.0414581179606128
0.9671460391341675
1.0847274346473261
1.067086408162623
0.974424541374683
0.9891165188341525
0.9597802105581722
1.0636479782209447
1.0463110901190558
1.0786464408553944
1.0335816232250852
1.0091141474358676
1.105063519401193
1.021957893290311
1.0750318508981578
1.042417559236234
1.0202883952517312
1.019244009041832
0.9907743169009174
1.0374692840913633
1.0967257736177152
1.0494095469786273
1.0990807145263704
0.9814105673624278
1.0373142003203593
1.0210810731772102
1.0087070470210144
1.1149775534244093
1.0101899523227682
0.9370337318615541
1.072576512033991
1.0588683002921557
1.0200623424391564
1.097528554858903
1.0344727136731329
0.9473963671906532
1.0361057882974793
1.0577842621507536
0.9853983691533261
1.043958861295467
1.0838855933269649
1.0462341860754631
0.9323582330521695
1.0548115152768618
0.9997405186151077
0.9940460746319493
0.9589634872482652
1.0306985504921524
0.9731522054364556
0.926532133519608
1.0255108717574921
1.0111229303961233
1.0288664899758662
1.035179196959698
1.0848019482429347
1.090669823995906
1.0006657370514807
1.0737894254029656
1.0354708366322365
1.019670041703618
1.0316853452016082
1.0060973452513753
1.0329859963195762
1.1370514829524128
1.1063659292670633
1.1005132730648892
1.0415089650045493
0.9889165861029463
1.0509962312154932
1.0440597559544111
1.0286648643045395
0.9603979876017565
1.0040368601959384
1.0024833827393098
1.023618137036673
0.9564609117025985
1.0142344212036034
1.049926911001635
1.050036222806657
1.037390537922075
0.9959134135419953
1.1365496405558706
1.137744289622256
1.020040636997106
1.0495286180578198
1.0459776631164794
1.038648349746702
1.089572146805898
1.0905742100989837
0.9858000113942386
1.0633640926073082
1.0127161895830095
0.9986793642814874
1.0420310788275113
1.0560038102038751
1.077036510298011
1.0646012851218525
1.035316592206081
1.0055269944386345
0.9887883029716188
1.0990636346577856
1.1036898766016183
0.9465765353349125
1.0142752889983808
1.022915241884677
0.9994514239376052
0.9605412990344324
1.1461040305679109
0.9643691580117947
0.9979226903590905
1.0302313798786789
0.9962969246485729
0.961670708280078
1.021887123197981
1.0196585312483444
1.0103512405736361
1.0372788649105324
0.9922591242959274
0.9551628149534258
1.0201876671816454
1.0126739329091687
1.0554207300855445
0.9929387685262757
1.0290466351505085
1.0087371350775358
0.9897852018278536
0.9848230875961487
0.9750324781991759
1.043411435402269
0.989980544585988
0.9742066388058253
1.0399080754496095
1.0488733803262973
1.0238966243084162
0.9302789673343721
1.0605454630208255
0.9642922300927365
1.081617692802938
0.9760418313506224
1.0812636844190124
0.974378773975672
1.0718176939156125
0.9775113225219682
1.081097245152206
1.0003034666744453
0.9830182892121131
1.083602476522015
0.9358347918756319
0.9667911120883709
1.0628033859893962
1.0240226110547612
1.0441831700560176
1.0131332856593689
1.0574109424635292
1.0561534582151713
0.9774967536453235
1.0135225784702138
0.9654856736984745
1.007161614802683
1.0159072286832598
1.0443261100603722
1.0317124137927423
1.0554815624055895
1.0882937058904338
1.0223523577178426
1.0586250841345495
1.0001914298750114
1.0893250660570357
1.0451187605435006
0.9800838087470876
1.0457359399416042
1.025265860331333
1.0357219214875364
1.0869818466377248
1.0189703979460059
1.0130892345908882
1.0097579615348218
1.0870037169460494
0.9831733752329108
1.0355715316742
1.0295147908569378
1.0293389764294036
0.9598047298101738
0.9496366915938528
1.0795690071836446
1.0200610617471486
1.0297575470932014
1.111784127894566
0.9457417245398557
0.9711276558686609
1.0444489218747564
1.0355534152892336
1.0152959163066924
1.0408699845084366
0.9980571529743026
1.004196528700035
1.0330202337994556
1.0138184178884386
0.9400139182449504
0.9870745788808015
1.077194076218382
1.0894575549856895
1.0415195160223678
1.0780836766964614
0.9959101029964645
1.0768227347335433
1.1369546718657062
0.9197197607160656
1.0741576327892937
1.053738424311799
1.0137456681121226
0.9618773680722699
1.0327377690797217
0.9503061223708387
0.9955580773934752
0.9869307529914434
1.0595725755155798
1.0368081386415393
1.0672857844457666
1.0916834562809796
1.1350364022521686
0.9933490909258813
1.0454289341171517
0.9529760458123979
0.9811257068020872
1.037941250834574
0.983459661884815
1.0351471600821627
1.03959939218064
0.9937862023507786
1.0025401310292832
1.0226978887532647
1.022387830234639
1.0185526010808785
1.046027029264193
1.014635900827801
0.993585306246428
0.963390249172434
1.0037811958785265
1.0756507466671392
1.1483846791558154
1.049294951007039
1.0369224259571086
0.9729463349100437
0.9492303745895383
1.0779585353457832
1.0058198629994621
1.013955376970131
1.0108318855112355
