-4.155560455920945
-4.228051276378589
-3.8341600001246774
-4.358774418629429
-4.015149810858606
-4.282302085878373
-4.2611672847656115
-4.359221106382071
-4.154935706400499
-4.183765616257152
-4.363330821807891
-4.242870900782907
-3.8702642009327324
-4.2425286674966864
-4.088528820538317
-4.135581597564549
-4.156569859240937
-4.08046120820144
-4.130591257310544
-3.789280367016043
-3.8269489316020158
-4.086918385491479
-4.216164182883085
-4.053572506087189
-4.0472559695355645
-3.9683497507265413
-3.9198149344005992
-3.9375613411085584
-4.236384030366684
-3.964083577294756
-3.904120446179533
-4.118645292412682
-3.8668161163298085
-3.901681032780084
-4.218543187047112
-3.9451461151967187
-3.996152282651515
-4.066687209460138
-3.767574522668558
-4.061524281840445
-3.990607678108441
-4.142702779585901
-4.0057538670532855
-3.7066463240908427
-3.84651821151051
-4.080589988409482
-4.312550286573268
-3.6335087435554283
-3.943882838005493
-4.203445063408746
-4.148646496045656
-3.9668119556200265
-3.481488230950637
-3.8344517545252983
-3.252161949934821
-4.115521142084884
-3.8354681564430226
-3.3961962043298186
-3.8722464985986185
-3.923458234624105
-4.089804282748913
-3.9491752754627707
-3.64937367383911
-3.751000653071993
-3.986925762564023
-3.4627075897286934
-3.9697737681725487
-3.6114604870023244
-3.66833266568743
-3.3720903301466905
-3.438308863799878
-3.4739292251101705
-3.7411722358558763
-3.718059525748713
-3.92882633693971
-3.12446456925851
-3.5014427727688098
-3.1261719238580996
-3.692272689439747
-3.1657684294651274
-2.617569013928346
-3.290096114231445
-3.0976394914123833
-2.5713856312844277
-2.9722800812002794
-1.8735849963545739
-3.7105498625424866
-1.8200137355144563
-1.910797911060874
-3.789231639433829
-2.6106051802931116
-2.1878029728863373
-2.237426458300179
-2.0490024121930057
-2.0130290347077078
-0.8306157244949877
-2.1993176005445405
-2.493064628382024
-0.822718346654925
-1.3091666511591011
-2.1206248455029577
-0.7842176533263869
-1.4042759376510932
-0.34646349355439254
-0.9286931776981905
-0.6199204597870231
-1.2847873317986447
-0.828221320008103
-0.7954508374097977
-1.6331161684000248
-0.37631103198400373
-0.04188603514063773
-0.35045346280454637
-0.023766020451557335
-0.8231549472086243
0.03586222655270897
0.08855856105349708
-0.6259845741798651
0.039990468201104634
0.3599860247467471
0.007419425322743622
-0.3675142283773756
0.1318363167416854
0.2937233317364046
0.17638837158438925
0.18149054487946525
0.11332697828481403
0.1648131552526475
0.4158634907049822
0.1418269836861653
0.31529936785858037
-0.2280512571603623
0.4768285423440746
0.29741814768656244
0.22341973797753234
-0.26014590846579055
0.10741182835242576
0.5006673087720577
0.037053944840232333
0.4208970776933771
0.5249535282299133
0.3690245301796507
0.45548992085774315
0.499057219573699
0.42438128262580793
0.45221058361480326
0.5455339958642299
0.5834473685898269
0.4056826202167758
0.5473615565803068
0.4783225196357009
0.6095873635670659
0.4697340733198475
0.5266515747679125
0.5670501025789381
0.5364680350754107
0.5629291988895074
0.4754794671773535
0.5102226955548457
0.43577979535383515
0.616474292553284
0.4998089267396688
0.5702391898826876
0.5001805885529299
0.6189339570234953
0.5203793403043455
0.6168797749612331
0.47353182417555867
0.7073126006554886
0.6101464094708822
0.5415262136904252
0.6050141805795284
0.7992102909847149
0.4711282241268777
0.5992841031272871
0.5121949018244759
0.5730055997414347
0.5552219245201431
0.6228261919801612
0.6153820210731105
0.6164437890406449
0.6489667266261459
0.5895100351880416
0.602773413320584
0.6122736272766227
0.6462038772299049
0.5868003336342056
0.5466787935002501
0.6163872802098743
0.6668881562583128
0.6348017394997046
0.5604689299790533
0.6487832185418838
0.6870160046701216
0.6087698304354734
0.7328185714373111
0.6829491945900129
0.6965979271383842
0.6760017550333969
0.7066303152768545
0.7612880255711176
0.8608147467285256
0.6714267879198154
0.7509305303398583
0.5666558064443769
0.642948049265048
0.67950157220195
0.7071373400441214
0.8037627887849362
0.6918404885310264
0.589097310997481
0.680847344352393
0.7642279088909131
0.6867680505182885
0.6688916495990657
0.6173872726715124
0.7117929100307406
0.6892377206589928
0.7070175493405739
0.6433363642354274
0.6793852112495868
0.5571183912225695
0.7871542040670438
0.5917781066180482
0.6902263516815441
0.7190324526757812
0.7770115547214965
0.7177873332322571
0.6308239150718014
0.7382424667338007
0.7260439614979023
0.8369761981637791
0.6677544312807584
0.6846518065203175
0.7891144151216323
0.7425138740801636
0.7285307097513966
0.7761193818450179
0.7859016489997739
0.7461342915907591
0.6725416016088654
0.7016711490995536
0.7271525557041782
0.6825187978679127
0.6980736707352029
0.7487369443838242
0.7820559974328839
0.7836152266840469
0.7745931090601184
0.6012110772267942
0.7740900269473525
0.6844941499008845
0.745382692129539
0.7833625161191043
0.7592051205351893
0.6783108653431504
0.8183796374562483
0.7556127224809719
0.7155046518828896
0.7136508299097455
0.6834938869523778
0.6868479963107792
0.6496856200031584
0.6309689122496017
0.7854414207324724
0.677888989025326
0.8014436461328137
0.7416412046733294
0.7683102062263666
0.6788918335156341
0.7717125774284953
0.7302838966144835
0.705294023489469
0.7359784533791984
0.7187608831345522
0.7801978488347231
0.6756029926264671
0.7218022161992913
0.7389757685077968
0.7858592335426456
0.7698699534482495
0.8281202509975726
0.7709280214339064
0.7657259224310158
0.7630692696706878
0.7109393905569995
0.7826724685606686
0.6867946432518393
0.7004103800972756
0.745687686170395
0.6112080550386381
0.824429104504576
0.827226720790292
0.761993164058404
0.719055233306347
0.7295869083271841
0.6308647074617896
0.7612494184919893
0.730366618723258
0.842886520058554
0.7097341531927917
0.7386611567095975
0.8666666558464579
0.7703367792935789
0.6482625979816017
0.7232400953366153
0.7704195166243442
0.8165650925552126
0.7436177269771316
0.7827821883585343
0.80920723445321
0.7077174786433912
0.7635316587924025
0.762558290863019
0.6413570330246733
0.7867450421685365
0.7723776704190392
0.7093316135111428
0.7520649878184128
0.781846941484113
0.7864304195820858
0.7983442495414846
0.7374275491015166
0.8033065616099037
0.7541176926015724
0.7352402136132056
0.8452654373719354
0.680884544083857
0.7753853504724764
0.7333540752506206
0.7968995772150042
0.7686710348716498
0.8325747142272873
0.7776837168768415
0.6906596909963412
0.8601587921306293
0.7149413834653179
0.7464163359703494
0.7698960670256887
0.8429290017078186
0.6987864440860893
0.7582780686930435
0.8188552534619893
0.6898410529712463
0.6431200349916254
0.7905850548978652
0.7735912790587479
0.7835108282895115
0.8325389063276484
0.7185944723460578
0.6599421852449537
0.7850170767994232
0.8449703129237148
0.706839525819399
0.7408780108481897
0.7082258154490497
0.7792697020237519
0.8212756807820548
0.7328656009971546
0.726976735782157
0.8087117955460698
0.7092319811405772
0.6297254237194181
0.7494902519275359
0.7237842347119933
0.8023024384188268
0.7244099920689222
0.7617170439637295
0.7215710396432062
0.8600941927785479
0.7383595183835007
0.7690014420731105
0.6989751870495523
0.7559332664466378
0.7686581677972674
0.7192256221220656
0.5670578608021037
0.8069222831994293
0.7038666713208975
0.7330508767297806
0.738587331089296
0.7345091935793954
0.7717832578966695
0.727129698934494
0.7407089428109684
0.7069682827298144
0.8003384639959481
0.7152253342078567
0.7423441643320414
0.7626689097172967
0.6741175525172857
0.7865658245171605
0.7280661079589371
0.6936677839153235
0.6846565903150513
0.708391908661333
0.713486864048356
0.7742113452904897
0.8615803960806373
0.8745524617858185
0.6608423568480635
0.7510575482354481
0.6643227959824268
0.7425713860590305
0.6929716022685439
0.7406780343185693
0.6734920139851969
0.7406699073134625
0.692021658248276
0.8262858150081236
0.7631503539894517
0.7157888014603673
0.7926481643453238
0.6942538170982355
0.6866605860771591
0.7185719740851689
0.717414629237961
0.7988953241592318
0.7681872017569261
0.7851671700466443
0.6891806872050191
0.7930745271809699
0.7363582463789876
0.7242853429323328
0.702516526212572
0.6668437890583504
0.7650662176681969
0.7023939115957663
0.72411273150606
0.6534293384787184
0.7677403923842475
0.6652446598981053
0.7440091874281286
0.752791788259129
0.7547614642977688
0.8357094487626814
0.7725779202867177
0.7601560938287101
0.7090504011555027
0.7456789662837696
0.6765558047651267
0.8244788695838464
0.8012235337235776
0.7706560384200567
0.6621361944361087
0.7472881304330438
0.7807014191023272
0.8173451922848397
0.7606154538419204
0.7198368914571431
0.7300097395712206
0.7387998745577712
0.7929778598115306
0.7719319667980847
0.7305732044779334
0.7790611363164098
0.6844059871170306
0.6910657845561387
0.7438127961074464
0.7994954652694574
0.7781450903801822
0.7260402842068975
0.727025700118336
0.7717685632085622
0.7454635450143932
0.7262527725079689
0.7268827969618502
0.8375542416180842
0.6076595483219644
0.7505502053735014
0.7434313794449705
0.7361205235904146
0.7317534776435582
0.729864370754773
0.5857403708176715
0.7628401054059313
0.680953694863939
0.6921531716053213
0.7506465864274706
0.7437741417356709
0.7378870940358717
0.6428342612763313
0.7340193734910025
0.6885060602069579
0.8666943513274258
0.8010942930785488
0.6487831806007178
0.7695841587121469
0.6798945445961203
0.7152789567668553
0.6396555242327854
0.7089301247260771
0.7255464972845965
0.6986903577316435
0.7259902686632068
0.6792055454059404
0.6899094371634303
0.8593771558884424
0.7688242580329431
0.7266124720042769
0.7578873716046611
0.7523945884118022
0.7490014617201912
0.7508267174428486
0.7269655572151734
0.9084399366102449
0.7177285299416409
0.7771726372580324
0.6794671767374868
0.8088371109768158
0.7382418832020431
0.7253074116350429
0.8377581290161079
0.7188543627941667
0.7322864358938309
0.755808719015254
0.7601643675939375
0.6838236721023582
0.6938463685235514
0.7991523163532143
0.5786432431293022
0.7542284922796497
0.6589121874554095
0.6797544238213352
0.731629971649065
0.7694634671906645
0.7657237165604838
0.6742749940708034
0.6299963581400521
0.795001719998995
0.7310988495717016
0.7551689590432845
0.7562350440181911
0.8277922156909658
0.6627510888155334
0.6718523738316957
0.836629813823165
0.7882554107498508
0.8017609159448188
0.7513190329357892
0.750184384337738
0.7450232679964403
0.7843277195631195
0.7152958177736694
0.7289605631654182
0.7910085508052099
0.7219185271091658
0.8344526915129625
0.7439780245669418
0.6778259863651014
0.6786367738780482
0.7115365983915747
0.817890018982781
0.7344279533402375
0.7271031441774465
0.7428547234462631
0.7184596623352322
0.8519005007225757
0.7973338536040251
0.7188097836240831
0.7079025425263726
0.7206880630620436
0.7533369119849906
0.7419968338268191
0.8157708572462252
0.6904136947639256
0.7831856417230738
0.7822000990083091
0.7707191685353376
0.8459140454282624
0.7423148610713627
0.7536373676008435
0.7564646198888654
0.6791527685866391
0.8115753822282756
0.7091427514313885
0.7216721802316227
0.7812692649725657
0.7142297780152386
0.8323580380741293
0.7411682181205349
0.6738171430985346
0.7292822157430786
0.7903015402888814
0.8564326361140976
0.7527213630672955
0.8259040170499962
0.7582592677548706
0.7792821091954305
0.7202028909973754
0.7556965153906559
0.7311248740471469
0.7519601946089036
0.755112301631959
0.7765112130094725
0.7601791182731903
0.7999215253056221
0.8757473319568144
0.6885390605168998
0.8240090101713428
0.6827484626313485
0.616984435233611
0.7631759551849401
0.7680838478428241
0.7293118130304195
0.7677171563928543
0.8203699313029708
0.7840548476374253
0.6905008953903242
0.7090948238475172
0.6614007717766267
0.7414088720336792
0.8703594173971304
0.787498316598669
0.616486687926073
0.7808946150901669
0.7460617666210929
0.7376980773665812
0.7789771742849699
0.7780925326292544
0.7453491921022569
0.7694171789885903
0.7391831994484409
0.611816753307617
0.7806756292193513
0.6852283224368326
0.7341774173867271
0.8433675195327982
0.8103832033282669
0.7206584261052611
0.7786946880804986
0.7561173937769495
0.8426261887544987
0.7647803359394804
0.647839451942134
0.8088249302459234
0.7255275621357256
0.69735002136978
0.742964257749593
0.7518307473765632
0.7609616526311799
0.7598271716909522
0.7587243361986676
0.7100424703527045
0.7457006989508627
0.8264162033140551
0.783951083310666
0.736719233304784
0.8189552870161988
0.7518914419100079
0.794761654691163
0.6157965070382742
0.7493498460702099
0.7569072080910509
0.8093289179829136
0.7301876857379987
0.7323206178326348
0.7268665295042424
0.7810539785168272
0.7120660945739222
0.7905450089706254
0.7601520006009729
0.8185687211889024
0.7628959115210566
0.7950118540514167
0.6884996008798091
0.6552832082602218
0.6117313407519566
0.6334933668461569
0.834297274558279
0.7400636951560594
0.7519942308183803
0.8269775947298005
0.71070254343182
0.8144400413583474
0.7219951048013065
0.660384066967389
0.7153519102522037
0.7117490431599377
0.8239401927160871
0.8035568472632039
0.7673077809720718
0.7290819492680436
0.7139866771999823
0.703723492755372
0.6492579138251645
0.6679442710839117
0.7749116959830356
0.8038343514362051
0.7130924230114063
0.737332260176335
0.8131609824017444
0.770410118858131
0.7701190346850305
0.7178643671400847
0.8127713088188101
0.6628156199213839
0.8133927742579398
0.811129878523257
0.7812703526098197
0.769936616234197
0.6978683558034996
0.7128090652570007
0.7348950557619244
0.7282439628149207
0.6878895963655283
0.7840623013369475
0.7679979181854789
0.7337691862142464
0.6594207594362463
0.7260321012215818
0.8534885202408378
0.7394741705648391
0.8580250906710578
0.6730804300461983
0.8647563806259694
0.713295699499695
0.7069131332001707
0.7683500313943229
0.7175283808723557
0.7479010125085086
0.7430181610320234
0.783093420339141
0.7279973936118634
0.7242949897390166
0.7611068520354597
0.7897027639856041
0.6134938221682661
0.7571437151129491
0.7628427604636947
0.787919835836488
0.7402632782634003
0.6270307126488781
0.7343345643494218
0.7150469621370115
0.7924013530659328
0.7822578811903411
0.8311013612331173
0.7367532383177267
0.8426855028710797
0.7950693263936338
0.7592247277471662
0.8359796560157112
0.7579170691474387
0.7356057197076217
0.7791920984646775
0.8237837760728363
0.7756079945982265
0.7072259914095036
0.6869413576206854
0.7240187580736596
0.7540883932143908
0.7997331480137261
0.6975934735466914
0.7993678747159088
0.8214399368552809
0.726198644652592
0.7337345449931071
0.7171225630896859
0.6735901297073156
0.68999778849183
0.7808291927134429
0.7788819375488646
0.7031887802423296
0.6776048402148697
0.7627940884914551
0.7209694835645564
0.7190690309110562
0.7822331048933499
0.7154051701001448
0.7470528152840182
0.8707040292130398
0.6723616518885871
0.7974232114723798
0.8144594650511463
0.7337776817087537
0.7135242339204936
0.7470203762650723
0.6533305914058744
0.6456974627806025
0.8295947767636348
0.6896184701942254
0.7721447982971074
0.7982980294605323
0.6733586355704988
0.8221932940984497
0.8333864169618983
0.7182368200145904
0.7761626055977202
0.7048569219090622
0.7201186861298655
0.7035617019427213
0.721245130995907
0.7683964563997482
0.7353324092921405
0.752541009205625
0.6773157017028679
0.7582344830666997
0.8094108127967625
0.7033226592832076
0.6863743824346078
0.7590915976775527
0.6049055650534073
0.7209496692664078
0.6758828088684933
0.8243087038824392
0.7674662280090784
0.7038834961312331
0.8512197265251987
0.7080600131638867
0.7098327957695686
0.6916716533296877
0.76433953585888
0.7560193446200684
0.7842730641704165
0.7660026477274148
0.5948656951042338
0.6816593836180179
0.7969289868615137
0.8451838008028728
0.7765968313077017
0.7821407477816998
0.7933078345198226
0.7392463974168937
0.7120466579170381
0.7641712372829792
0.7738101657701341
0.7987696405415726
0.7185728175898304
0.7426513252041206
0.6782025736359903
0.7765420356871701
0.7897934445058042
0.6808216666061017
0.8906786586531048
0.7610834497539447
0.6931569687826561
0.6802664224244787
0.6923532038732074
0.844793485065495
0.7832177840718745
0.6280352754474817
0.7697080408481213
0.7341686084880711
0.7169243053910871
0.7645612205117834
0.7141080195393722
0.6868578396343535
0.6248839029048764
0.7826582520214416
0.7263683601610711
0.6266456196269911
0.7327284943648276
0.7338886432267389
0.6611988953419938
0.7903764168821646
0.8027000282342618
0.8117561440392108
0.6800302918604442
0.8234800025583913
0.7760741596791442
0.8332675764089806
0.7339250999991824
0.8172395527603276
0.8156730175626888
0.7431539954971668
0.8508651990497542
0.6825583342148228
0.7649706937852339
0.7486036926834876
0.6842535475622412
0.6791607862532795
0.7101974927821488
0.6789373717888324
0.8277173730805045
0.7335170234168206
0.694325687057845
0.7635701800779131
0.759276309765175
0.7798389691849263
0.8608074109702643
0.7413486020172946
0.7999000110167159
0.8005901720441669
0.8409641179107507
0.693103375766669
0.7284434679535714
0.7241058299381955
0.8334021271727553
0.7963034666442912
0.7782166479574383
0.6928024674326648
0.7115451254862073
0.7822279590146225
0.8043387556612629
0.7743581630301618
0.7222846932465133
0.7577215060345055
0.7491675372891198
0.6880121983554647
0.7224751350707946
0.7876909169473002
0.8026867269831373
0.783703101595412
0.7506712835656217
0.6730277090344529
0.8142361554577368
0.8198200684356985
0.744031475183206
0.7220986896624367
0.6435473224174975
0.7374981007708888
0.7008850342698838
0.7754401615343487
0.744741850294285
0.7019936068736353
0.790789383841
0.8068793246059227
0.844818910435221
0.8106136875088898
0.6665301554328996
0.6948951290698665
0.7852771181358563
0.8122509448761349
0.7274534723895596
0.7820993401721008
0.7607366574649168
0.7703632379893172
0.7510878105831615
0.7792224119009012
0.7375142021314552
0.6901579158268056
0.8276997994929661
0.6782609136484514
0.7673441919812066
0.6921651137155754
0.746989564903263
0.7244572482973904
0.7858605049124416
0.6663427567543826
0.7290481346172893
0.6886508620904933
0.7842767355906376
0.699625186496165
0.7014144455331492
0.7538723806900566
0.7982526211295923
0.7115583692348401
0.7471778993416375
0.8170055212938435
0.7362786567691938
0.7355149415054699
0.7366322333581037
0.6571247991827794
0.7279546619531727
0.6900884213502555
0.810954350493489
0.8365455434477096
0.7199743339440419
0.7438126495611591
0.6928136331504268
0.7323260519547236
0.7534571137087592
0.6348934251203321
0.7328223804735844
0.8000081229219824
0.6746502024066906
0.8109718981631824
0.8017648840717766
0.7029028294382621
0.8136874062137439
0.6984575390850666
0.7758458594933012
0.6355769069662908
0.7347228405488901
0.6920071538880456
0.7752949217340213
0.7935448823221187
0.8192313277060306
0.7844414275865597
0.682297681973899
0.751122205171161
0.7059179966453072
0.8062850216919398
0.8192822123469998
0.7715669959914022
0.7028257005463742
0.7228009395847655
0.6861115097238435
0.7372833166035823
0.8011877800992072
0.7488892101475177
0.6830005858561785
0.742416074444557
0.8382577532016691
0.7111683770816991
0.7476132111436185
0.7658584594183151
0.6413139920147041
0.739919342775745
0.6992881445390694
0.7181791532895474
0.7219317213829521
0.800137576438733
0.7006447774993226
0.5279185213842837
0.6719584202360935
0.7501633389253628
0.8282090567847868
0.8498036382732054
0.8549117532795836
0.6681567201033575
0.7640162995481817
0.669484584697674
0.7379866564532657
0.7398658743547187
0.6613020351671914
0.7371961660605083
0.8401194588699189
0.8061730312426884
0.7285785441569252
0.799583687875698
0.7378164187382805
0.759743104424026
0.8142568548250154
0.7824089431606286
0.7393607604222209
0.8096515756722806
0.7202623715332721
0.678034677667135
0.6819399554788491
0.8111485948168901
0.7201254067278949
0.7015515991641682
0.8300929511928382
0.8720923046589195
0.7240003926632834
0.7492759664430205
0.7745791929196179
0.7671600904522166
0.7953226783105999
0.7005038772712421
0.6728626075372411
0.6850307878295109
0.7117164570821811
0.810779416222764
0.7320936216976417
0.7602574907743948
0.7066567529812474
0.796651985930974
0.7549838866761892
0.7106803145404078
0.720901113700594
0.7593762489189891
0.7378754867888385
0.7754799143017802
0.6986624243578623
0.8234913958583903
0.8032645409505318
0.7295776645893017
0.8080827331607142
0.7068633520233986
0.6975588859224159
0.7242305513675364
0.7725184939200159
0.8073887222521067
0.7123705000592415
0.8905903903733309
0.6796108448977307
0.6989654942192344
0.8251297768934123
0.771108864445142
0.7100437746648262
0.6870018081447941
0.7278178404396902
0.7073130403530263
0.7433166728023007
0.7560306656171747
0.737885141354051
0.7739411839428331
0.6985152984085289
0.733815658587428
0.7424793240614975
0.8194742989979603
0.847761087714742
0.7692696843410141
0.7421103554212097
0.8245364834471085
0.7603034083744736
0.6228135686379713
0.7537404184643276
0.6966392466886533
0.7025919668461258
0.7572572949997719
0.8757958016101554
0.745895910222834
0.7711810763455519
0.7605415927634239
0.6814651016076448
0.6980941613839473
0.7158818695100254
0.6723372897540756
0.762484760064451
0.6841353753556239
0.7415623542176659
0.6873465669148281
0.7019876687043874
0.9013548395182611
0.7061336845164271
0.6559133293224231
0.794351390528058
0.7085960961521954
0.7335365492561109
0.7525583588020326
0.7588603692840802
0.6206602121945058
0.8127238567543439
0.7584669534280235
0.592908656260799
0.7602295704945187
0.7171181393619653
0.765512707151552
0.7274378553336637
0.6960700593552818
0.8009940984412975
0.6463170679793903
0.7346128190903936
0.7259559470468645
0.7967482444357593
0.7729349639294308
0.7834219241910164
0.7619881827519362
0.7254789179996588
0.8244763866377043
0.7260604753119747
0.8264479658473546
0.7029938680330493
0.8374687623981704
0.7770711166893108
0.8968387735061971
0.7482186042682738
0.7943566529276449
0.7723902066819681
0.7412954407310108
0.7044061312859906
0.7796042674214413
0.7032874304688486
0.6751649590868479
0.7898088846773114
0.8126346289339316
0.7914210899323892
0.8181609371979065
0.7873410371996203
0.7699450105489835
0.8116169719305062
0.8315343383488939
0.7876889682922344
0.785474716379825
0.8587442096080721
0.6801293876662243
0.7199116732166967
0.7532498503959407
0.8197877233350003
0.7386087347825545
0.7152418688741636
0.7694724044180608
0.6935932433858402
0.6879474035197138
0.7892394501821488
0.776908760976323
0.7118994426920207
0.7493756049593648
0.8501852861630023
0.7410285245988065
0.7079573354113742
0.7917939734672131
0.6658980286755664
0.7629542218134847
0.772048955716964
0.8326279144013179
0.8459416234994658
0.7773798208333943
0.7914232177735107
0.7876928113758664
0.7496911049118421
0.7839625214229846
0.6785594395306443
0.6193846058636533
0.8091276388362202
0.7986366795492187
0.7718630541805412
0.7186972666140569
0.708975540132482
0.7251641485048089
0.7647494203638728
0.6802841198727273
0.7693640368825764
0.8104693658002619
0.7535870673447852
0.7835355797864937
0.7793876474346817
0.729723010698954
0.7872120754095261
0.7582383790305233
0.7508658052760436
0.8104582007611679
0.8217277005833868
0.7508689036695447
0.8014189727426869
0.7024133143504715
0.6923603382584668
0.7296818205965305
0.7826585381645669
0.7694890120210439
0.6871892937419212
0.8117164319933314
0.742973800065887
0.7999236085468467
0.7156454458484117
0.7821047804522493
0.7382845996750325
0.7882700330067726
0.7268741613619739
0.7284302843605842
0.8093088183299083
0.7528709453354795
0.6914392960448837
0.7505830701239357
0.8085409604539006
0.7491893760889464
0.6952073568582011
0.694378249841502
0.7701398405283458
0.6859299745108829
0.725321414339846
0.6229136265957954
0.726166895523417
0.7486582268672334
0.7512248438092936
0.7465865876722898
0.6975758589776558
0.8229628670072587
0.6809316997282214
0.7202821426931517
0.751237931952645
0.8216928668605182
0.6849786326329454
0.7531347362663956
0.7207206393735532
0.664906610691513
0.7348693002071518
0.7794627533011229
0.7871013220226609
0.727785844930993
0.8158444305645541
0.8852982875851341
0.7360719758495283
0.7463332309549889
0.7859005834496265
0.6849791639229766
0.743366204193564
0.595491832008698
0.7949060466639662
0.7674707453741957
0.713988017854533
0.7014212438738259
0.6918574769171811
0.7853308086782164
0.7258661835058127
0.8070362302579057
0.8480926370584335
0.726304622996666
0.800224656049081
0.7419478237823757
0.8219250828657451
0.6564128445327367
0.6649055754188246
0.7745153280852816
0.6421014515556244
0.6853727207800246
0.8136725188924484
0.7959289626494611
0.7920860248459971
0.7690264286770193
0.7363779952544016
0.7909242692770664
0.7148583838943202
0.7124182427801652
0.6972592545077146
0.7617046407183993
0.7546876212397167
0.7514874373491506
0.8015786655797154
0.8160410178862506
0.8139879187682094
0.7318241640630352
0.729912360294822
0.701921376094514
0.7498324704926471
0.6345998027432667
0.7850377068462536
0.7392225837890116
0.7067150417077673
0.6847339165131031
0.7127132403365684
0.8281269632200142
0.7121133153359184
0.6584382503266881
0.7053298436174423
0.8339045054550492
0.7451274824613482
0.6391494034557569
0.8460683032351226
0.7719222055059382
0.7447585339959933
0.7224000815316873
0.7227306182006714
0.7554595844299029
0.7087077815790475
0.7151469529802076
0.7854579750629357
0.7809612723136242
0.8473339440691414
0.7828126561707199
0.747283852123426
0.7536766055147835
0.7573293457136475
0.7649223456342894
0.7530479080591089
0.6642243796693488
0.7265882965385707
0.7449113073042546
0.7675169424395685
0.7392150149685693
0.8015536529885093
0.8331875409352004
0.7313524530908655
0.8567933964606035
0.7913120978782232
0.6616876790579903
0.6943183056951056
0.7316234759293958
0.6530430718648992
0.7681121251361623
0.7264157771715334
0.7358115712969223
0.7324618042592973
0.7431513523995703
0.7195957041567294
0.9367365433828034
0.7663502601247815
0.8042639316869882
0.840623191750654
0.7803936661805159
0.7404593826207019
0.7261866032014893
0.720767718337413
0.6922360549236345
0.7709499980409691
0.753957238933714
0.7300544734527007
0.7875711355806618
0.8096622772256813
0.7087765016611168
0.7334445449951956
0.7329781664794257
0.8161575475873946
0.8661758942933931
0.8335295560941056
0.7040711329885713
0.7800158275690615
0.6990112630429093
0.7645402167824188
0.7308216783774989
0.6707127203380504
0.6965448716518394
0.7226114342997904
0.7696778749333495
0.7763538653693729
0.8183232027286004
0.8341998710269221
0.8833972055203234
0.8045507676119639
0.7588650896030731
0.8366791606670841
0.812656359016009
0.7594236537467186
0.6691388916011145
0.7530651170998051
0.7905492462588251
0.7280558320227126
0.6608541656734035
0.7255598619976499
0.7306464958838668
0.8245202602066719
0.654092898754153
0.7625182822697554
0.6545164663793595
0.7517044881636442
0.8042446033012051
0.6194777826196605
0.734481200689855
0.7837476083331206
0.7882483049764204
0.825905246902648
0.737765585925025
0.7192236636952674
0.7445698580984688
0.7381101803408865
0.7987805673487736
0.7424945059448023
0.7084404598440359
0.7677749094203793
0.7108026965579048
0.7591006107190823
0.7507609760146944
0.7000197080377204
0.7893360370862299
0.7822456537686067
0.8708943538753854
0.672949714760463
0.7253702051195198
0.7156294976977502
0.6931597276168372
0.7597309012246514
0.8060679655184889
0.7412541668694977
0.7192805191304124
0.778031954890435
0.7815107321533439
0.7086067957588136
0.681214279075059
0.7054686570480233
0.8237917993220624
0.7669952985503464
0.6869014008385331
0.7413037795726855
0.7771692465248292
0.736616525817136
0.8342621730559269
0.7492628206667331
0.6865974480742509
0.748148625257905
0.7336767380332918
0.6850941897211984
0.7217865586920924
0.7534830749089814
0.7545164213219979
0.7681072298427458
0.7250582998109852
0.7341468584111548
0.7407983438805559
0.6777249600661603
0.6436988404335157
0.6854464842348049
0.6953734090342996
0.7409636416982333
0.7281951072652175
0.6789143171388041
0.7727654672922065
0.7668555524502023
0.7312118295717862
0.7616630951035628
0.8132681874958634
0.7512880747407451
0.7730293107815913
0.8684481392509389
0.6821734458370892
0.7730920866015929
0.7636692138988352
0.664350613527378
0.852383115459135
0.7425695480266029
0.6244238984481081
0.7602402897814171
0.7330635166686411
0.7061280120716487
0.7281430470075411
0.8770585471055379
0.7168189440836625
0.7374345325391306
0.7274105692326072
0.7164259376477197
0.6922157130670601
0.7020100504780621
0.830979104748246
0.7115164235128709
0.7141921394256955
0.9171004741593501
0.7513249913848503
0.7962506124602124
0.6338867762682269
0.6424491722498055
0.7463359631602293
0.6931279606176375
0.7374654105266745
0.7703219389465554
0.8132281045549764
0.7936008324847437
0.7587074903525742
0.7624047681368085
0.7596755167220355
0.7722181886389895
0.6555085137134715
0.6436000605295549
0.711052703162609
0.7523778699498329
0.6343474810562745
0.8025087820673976
0.7493683200192336
0.7329403490049035
0.7168960727402012
0.7473920822063455
0.6812616001974869
0.8572138610827826
0.8132796939758364
0.754799338558316
0.7775469321243123
0.7673093593277256
0.7437259804546928
0.7964135151004539
0.7836697477076616
0.672433006440587
0.7414672003336945
0.7809854902665669
0.7741238619795591
0.7816052424083422
0.6557222569549291
0.8398566804444083
0.794560376318084
0.7640690361059956
0.7685126315489481
0.7430839861433065
0.6947426636641203
0.7944022907998636
0.713306179393805
0.800870707412881
0.7168399754320071
0.7320544545959908
0.6943197242718895
0.7778145052703973
0.7787321358391611
0.7210549394872108
0.7658774973446717
0.7050866000463498
0.808153149019782
0.6945010059980155
0.7142214434797653
0.8355629373346574
0.6888664621151571
0.8613659920089309
0.799545875292476
0.6777319322956536
0.6858097652081225
0.7498196689162231
0.8088269905427994
0.8262764456318177
0.8573994188683987
0.7606726239909702
0.6666188800119531
0.6831991009095489
0.8196572150697431
0.71904928485792
0.7070668857828052
0.7540359899581474
0.8141237562010196
0.746222802158427
0.7528256323816013
0.7857180949804983
0.7393368270463263
0.75944904289809
0.7672149740495513
0.7603071171315177
0.8076577097729155
0.7828289619145936
0.8424615347744091
0.8080485935168433
0.6578618833197961
0.7211386308754278
0.7955060531906434
0.729596352399327
0.8493451236350403
0.7564094101498748
0.7934326356322451
0.8120395027028278
0.7906460448344501
0.7608695275654187
0.7285666584995985
0.8014176999668063
0.7176237251159434
0.8144525952951651
0.8277065056134008
0.7715086004233146
0.8098936749787466
0.832178457113482
0.7169021751772199
0.7661767502538417
0.7265592725019985
0.8136868692634196
0.6774404267725548
0.7630368507009918
0.7375582997466285
0.7139679753689595
0.731822079786836
0.7303287228238222
0.6718592573714165
0.8259347982642651
0.6644000955461156
0.7773970114705036
0.8861346168774169
0.7507123496849809
0.691128284672051
0.7683395924621701
0.7642352352533538
0.7647486115661895
0.7518948445988501
0.7462583328643354
0.8100190328060709
0.7520960846232644
0.6699364015620767
0.8165150515023573
0.7850772192750785
0.818390346025539
0.6744516396163145
0.9104461260885829
0.6988929480081337
0.8193212021081436
0.786719332787076
0.7279894489713441
0.7314188568317876
0.7918242599895796
0.7827460442449529
0.9100959592425452
0.8214208386480231
0.7469780147623833
0.7880654315961262
0.7975757710312849
0.7438250071046585
0.8239839614076481
0.8211264167389846
0.8295347677940343
0.7951026937854533
0.7997499346600349
0.716217411426781
0.7467435466424531
0.8431279998290968
0.6594689466308541
0.842686728815086
0.7453446957293974
0.8305450623944739
0.7243487728315501
0.7765241456164924
0.6435734196596682
0.6498454002866836
0.8271357349821786
0.7286832678269753
0.8545535315608812
0.743993483030731
0.7562605845528079
0.711811363975376
0.7591960956215946
0.8392382690393496
0.8003726251732801
0.6337002726277509
0.7642841695784438
0.8227468227968213
0.789203972974702
0.7842471358912593
0.824820733618927
0.7703009920058339
0.7259069641274378
0.7874031110421725
0.8492965504590286
0.8150077873328121
0.8504844869429244
0.753101879230976
0.7922760826093399
0.8542902876216204
0.847596302136105
0.748947059050953
0.7236361387375398
0.7821406407087439
0.8118036292571224
0.813583352966557
0.7184626202787319
0.72927567249052
0.8671665657784493
0.8145630588001572
0.6973802825658578
0.7303432178733494
0.7836344805220853
0.7834484114843341
0.7169976601173285
0.650995075491682
0.745892349070346
0.7851997313989075
0.7170973333432124
0.8036333740494154
0.8489341973663795
0.7349752901498549
0.8315703988589958
0.8750211245620834
0.6914883383662809
0.7075177071215645
0.6870788774420498
0.7265404987447143
0.7407816947147816
0.7366791320513026
0.6132092663963502
0.6775366996605863
0.8361816496768429
0.6338152319052824
0.7815601010785299
0.8166633605823436
0.7600185784869529
0.8084060084774125
0.7563948395140738
0.8155735780925094
0.795742220024742
0.8656003808960528
0.6989186576217692
0.9223048115282231
0.754135387161874
0.7440229938643547
0.7247481876026352
0.6807596540574832
0.7917629311571178
0.7346000009026
0.8085105823371751
0.8568784617535102
0.8393803527771894
0.7394292833481725
0.7105716790298225
0.7861528935895228
0.786689186474375
0.7629722042711802
0.7169699563008853
0.8123698601744767
0.8703942776927256
0.7771383410714916
0.8485009434031963
0.6734362411926309
0.7761890638401253
0.8230650461203785
0.6453299780019787
0.8267676483865831
0.859995024537237
0.6855532984342034
0.7272071312180421
0.7439035699176875
0.7874743585022078
0.7910429196689994
0.8791067172043925
0.7591392784240217
0.8450465667327385
0.8160822795842764
0.7292147756780178
0.7996140082014799
0.8065127575333917
0.8224983862507345
0.8957720501475694
0.7812316519658076
0.7562727539309901
0.6907393861888581
0.8300207896976125
0.7652997288792489
0.7428967841445057
0.8728947122429507
0.778856204029766
0.8789110519953052
0.871013620768089
0.8092221123648837
0.6721242594886061
0.7618869376745835
0.8491093596518762
0.7457515643129575
0.7614641860272331
0.7888068195397718
0.7275247539825732
0.7622295284042646
0.814421716192151
0.7945315327554345
0.7370362997561126
0.696630205904648
0.8774171928072262
0.8621860841324828
0.8176867488790918
0.8156305654383711
0.8398739513529573
0.7456517724500084
0.7467250333942629
0.6432691294530553
0.8232145803201167
0.7918841606734137
0.8012153029520477
0.7183146451408515
0.7693296948001589
0.8001915220546211
0.7219341581634235
0.7014247225725985
0.8480248142060558
0.7313944812071087
0.8913402416557298
0.8132746716104977
0.7404822614754839
0.8281741451738014
0.7749993962702741
0.814608368668365
0.6651711410146883
0.8283311542222547
0.8431354251638843
0.7165374744074123
0.7519731589522018
0.7766198155545404
0.8102682578969495
0.7525345816368845
0.8226084015706052
0.7826154581105214
0.7544080501843763
0.7741752098401345
0.725083219429805
0.8331939281898293
0.7192630269882347
0.7466657366624998
0.8261639836348351
0.7355575619445246
0.8495536923463898
0.88002117425211
0.7514108808312849
0.8328315931393986
0.8266142953408437
0.8329863888464198
0.7649137687018821
0.768390637079242
0.6956300930147372
0.728334691121701
0.7564855827310358
0.7685150944403704
0.7052016418494504
0.7206116754922158
0.7569520274651326
0.9176467564036419
0.6124515965314637
0.8017014171373608
0.6725671743682566
0.8129875219362789
0.7857306556372083
0.6986100856536438
0.7627933809684315
0.8385416967172685
0.8844683704782446
0.7791291513351272
0.8295377967242469
0.7374818785291581
0.8371227696140988
0.7863991494037976
0.7871709892991948
0.6652748027550159
0.723704285599869
0.7648595611487197
0.8239516611930787
0.7852607419721478
0.7666115520383422
0.8431622345799892
0.8334707733033919
0.8176703186320956
0.7564430721267403
0.7370051828153348
0.7941129235118203
0.8477578989202329
0.8506552842779054
0.8310491066954818
0.7467304258034009
0.7309725899021627
0.8708203709625615
0.7606556507889579
0.8245259006109766
0.8672065713594511
0.8277547800817743
0.8909710760175305
0.8137823142298538
0.7256710877158277
0.806252157396404
0.8220105284553991
0.8927798962193414
0.817111066169592
0.8138450515141138
0.76004558443535
0.7411102604314602
0.8030275665345648
0.8052860797956157
0.8444494142436992
0.8068951272380452
0.6558299454671215
0.7814432643789422
0.7332694551044777
0.867640574133117
0.8024928516832698
0.7989673150550838
0.8421915856154181
0.7950109522226108
0.6967295902445199
0.7851548511672148
0.7405913260991984
0.7887392406080107
0.8504672017315054
0.792065428564726
0.7319644359509846
0.7943896750730555
0.7988927189092425
0.7822393649176079
0.6952005937551153
0.8693238251271325
0.7724023697731921
0.8496039860274454
0.8306395022101367
0.7833065317814123
0.8156125134179963
0.7844624530958098
0.8329863511475284
0.8276254822157658
0.8737221762309053
0.7040881308396411
0.8250893961956792
0.6911897429164355
0.7112452586006717
0.6825898110690731
0.7514541223385294
0.8205121766856734
0.7778706961826608
0.743934682860064
0.8420414880334379
0.6931157732781356
0.848145489195802
0.875117438581182
0.7524551223970326
0.7949218371518976
0.7938983049665657
0.7405203040872861
0.863626838107301
0.8161937849084543
0.738469969025829
0.6759278938485566
0.8280078101288253
0.8451481327195624
0.8343761845527456
0.8450837320117566
0.8792668156748183
0.7725050460881816
0.754291335863907
0.7893385771219898
0.8077489920484435
0.7253986071659864
0.7999380227598071
0.7138542910824835
0.7629616630492593
0.8555675355925145
0.7484455767695928
0.7505383160515268
0.7893157137560323
0.7421754776252051
0.6761684421816734
0.8023641076046344
0.9016388033387454
0.8217003364452835
0.7762950706098379
0.860204889396793
0.7884883425699469
0.7381912987172221
0.8430824974140351
0.7588812455799664
0.7599791185368768
0.7595259484202778
0.8439948572963322
0.7905464849719536
0.7528730488355777
0.7445047561364582
0.7769499227540637
0.7855833735624165
0.7367309342953017
0.8533377257435132
0.8487192935234648
0.7993962073011738
0.7882374332245028
0.807710569045951
0.7599980065910987
0.8086087568819709
0.8175530597897092
0.7168369746512715
0.6892674396626479
0.7350492354774021
0.7351254483955081
0.7443767277082098
0.7347772225535079
0.745280609903919
0.7835547911698801
0.7881701979113411
0.8634781004178738
0.7630336155111553
0.7508131377054728
0.7987008024517938
0.9078572828364518
0.7904255696215102
0.8673786740873779
0.8475967840965904
0.8091887715214119
0.8586800424877198
0.7943136260996647
0.714325505162994
0.7350857201183962
0.6660210131420534
0.8605714181002588
0.8084391550881687
0.7351219206766352
0.751934137600915
0.7792256215742767
0.7130241726647909
0.772053333771631
0.8501596431963867
0.8372538655846473
0.6999573263396734
0.8013150994936352
0.7933914402311805
0.738966878876852
0.7299560598718368
0.6896582310362934
0.7918625753390367
0.7850370959526922
0.8891731534702361
0.8257569360065855
0.6227344664392549
0.7679757913581584
0.7587575312301782
0.8036381069020649
0.9416192406604331
0.770313150716414
0.8263335650246948
0.8797327062936154
0.7694092147959333
0.7532210076830201
0.8573462310625937
0.8284750290557756
0.8105281987473784
0.8356080573023039
0.769980833012616
0.8321800337445511
0.8271387000939431
0.7971190071727199
0.785631921720866
0.7959662622062217
0.7904520633397204
0.8479949212181971
0.775427538223101
0.7472153584880079
0.8451674560577414
0.7045454668423576
0.7454305636164531
0.8712612105425581
0.8651243310038824
0.8749419420181244
0.8299765984316531
0.7782636858726372
0.8289465589513967
0.7166694534881015
0.7963200045361778
0.8949280724924893
0.7416134833318506
0.7948456369338595
0.8370866360124125
0.8053890390909653
0.7235886644901294
0.6746338570653984
0.8402860967863851
0.860566310421442
0.7657636335682909
0.7973709529685555
0.7633366169579178
0.8285565685934453
0.7673050648511355
0.8351610364676869
0.870529874333815
0.8000115506998209
0.7928881414296736
0.8718499015237141
0.875450032513351
0.8103734665393344
0.7646800790037434
0.7062559560284322
0.7406432356226751
0.7944274617012328
0.8702479437550409
0.7948348930359754
0.7732947560496313
0.8576835204195268
0.8677010621477439
0.841140173144076
0.8112299563094151
0.8978595877698049
0.8266419616217426
0.8106465662476652
0.9511827500773316
0.7780930836243422
0.8452977600570892
0.7828092253361438
0.9380651280177138
0.716558752109976
0.7507274103178396
0.9438904461928561
0.7956606280128556
0.7312640120748516
0.8031775089028597
0.8578168377610685
0.7699845407298445
0.7604621470385116
0.8633088199595681
0.7922401160455316
0.8946558192562288
0.8153367802376845
0.860052594947572
0.7742644145185333
0.6719651365619244
0.8040360377535418
0.7970147297219663
0.841585884407996
0.7785637480191812
0.8216974676545746
0.8268230132861122
0.7265502953965686
0.7591679257689156
0.8763893417573181
0.7540417927883294
0.736157988658544
0.695041791463873
0.705645743360659
0.8278130086567314
0.8182991152942708
0.8918949056933503
0.692067950185375
0.880715664539323
0.8402165130032837
0.9444251926315039
0.7496872633947989
0.8541073144409603
0.7461227222139329
0.7420210125979241
0.7964448190188828
0.850649930179459
0.6867936936565658
0.7736361583763537
0.7658298159319098
0.8159885255754133
0.7464516745540126
0.7384117091046284
0.6451986253714249
0.7666346496834265
0.7521791560329054
0.9179723093267294
0.7586861690122155
0.7561638872634533
0.7375289067970736
0.7284518514134968
0.7747731097369439
0.8316183515497195
0.8684323859452666
0.6937704062530773
0.8503067165905001
0.8370145015442658
0.883644251134162
0.8261838812424687
0.7598731697785726
0.860938255914925
0.8553395680674802
0.8239463150400165
0.8152976002647335
0.7849739052143478
0.7491147730742526
0.6981821559717503
0.7890044254625065
0.871712065085388
0.7827598749162222
0.8461909847504456
0.8719402512127838
0.8647811752392924
0.834331281419824
0.8052134098647706
0.8265722104943523
0.8722738635617199
0.7896979647183273
0.8409478664321954
0.7888690155262501
0.904826628202235
0.7611002105979416
0.9142085401591484
0.8148661573202158
0.6904157494298441
0.6400091002713255
0.8723458222787632
0.8271515054638219
0.8632191521389996
0.6980965505436212
0.9024101783267273
0.7353155199419915
0.7431703763555108
0.7522875372092175
0.7987884649192154
0.7772659824636791
0.6711569960986463
0.854522303671328
0.7986531096418621
0.8037798477517317
0.8317592854137827
0.750380201875602
0.7240103076451595
0.7603321681592964
0.7583521248491992
0.7733552001602774
0.8181206137288909
0.7748059711843936
0.8684119727582307
0.7102908411999831
0.8214941032654395
0.747929954281435
0.7233229890112385
0.7259557975095335
0.7257617839989419
0.8485099546270815
0.7040085165079619
0.8396158282849175
0.7675611416057522
0.8417290754354665
0.896319053800273
0.6978195027378873
0.7586334284982811
0.8881571550553897
0.8117209858270098
0.8158006700247573
0.8215665318659369
0.666906306494795
0.7554746426565966
0.7441005135998707
0.889131683645932
0.8580934866676593
0.8200043642172364
0.8554175264083437
0.8079041281897205
0.8424446780416565
0.785446175730931
0.8766034120269739
0.801074540798596
0.6186064158031098
0.8295572968159557
0.789495398200486
0.7667074249320194
0.8559483937149526
0.9163203904178229
0.7865874906153576
0.9397906111974706
0.8734217890251997
0.7582765772878459
0.776143216832005
0.8365473100342217
0.7913875575159244
0.8365036818024187
0.8964470283140125
0.922795047062856
0.8281625325935696
0.7971781710077962
0.807421639125022
0.7451776170509038
0.9216011008194696
0.6896054982086655
0.8004979564896288
0.8131097821984645
0.7344731285356142
0.7953853520424671
0.7662498360177427
0.7644903445574589
0.8706879578716087
0.7927169366201885
0.7356218333040125
0.8559057172965611
0.8140624163533681
0.8024510881520804
0.8575183413899359
0.8223025281967472
0.7248579425426839
0.9193373703954648
0.7625330321978357
0.8555408435650317
0.7968726256953872
0.9405140523392532
0.7938282640763719
0.7038248341659392
0.7477921716112569
0.8271128895688407
0.8381891030300441
0.8796633284517328
0.8725387522745323
0.7658780322609242
0.7947474047720753
0.7532166563112739
0.7264495437491162
0.8231451174223273
0.8319720571125274
0.7378659323381447
0.9061643522040411
0.7961576267109234
0.8906222794591938
0.7695965347707858
0.8144665048932569
0.8567521030284801
0.6705770832251903
0.7092522401452959
0.8264189797205561
0.8455535747084473
0.8109682007513667
0.654362213335606
0.8727390054327756
0.7605269369977132
0.8688805147413167
0.8429626269417873
0.8922378650850437
0.8825423411432238
0.8590824612647155
0.8799185712529803
0.8185624666152449
0.861961855905022
0.8611841062044976
0.8977799806451626
0.8397780096659125
0.8030142921821246
0.8659866676647334
0.8315525516121967
0.7106468675101227
0.8471464216940608
0.8675074698242137
0.852854454248165
0.712978827867171
0.8018633477695847
0.8276763176598618
0.678900765932821
0.8526402758148139
0.8062160862067075
0.8006931051376087
0.7249865722723844
0.8501394150118334
0.8848083846428109
0.8972556569625354
0.8345309146799909
0.740302699812512
0.803334851729568
0.7373005775330355
0.7687008505976832
0.7389430434760981
0.7107036633104424
0.7354188217364673
0.8005458308304683
0.8455699521141172
0.7686736922895249
0.8156537368047535
0.9100879065056257
0.8379195842796927
0.7222093095214619
0.8365173195196953
0.7381169980382926
0.8035827416505167
0.7963651162212193
0.8187657566225455
0.7838878240558296
0.6862153059349728
0.8565062172542404
0.8804032742551386
0.7961916496367824
0.8700880694938327
0.9093344518299603
0.7315438451045887
0.7781207713917905
0.923164389055822
0.8242054205039305
0.8563226405247112
0.8126212288437101
0.7927086917319515
0.9215339114577922
0.9069598390740291
0.8042815068998606
0.7950122155530551
0.7185914244993469
0.7543685629280776
0.7267558945566511
0.881520008958256
0.868504005753707
0.7650218676742397
0.6471509346432426
0.7535662213512815
0.7461961514321571
0.8759040555973053
0.7658000830950084
0.8052044625289976
0.6897584968718399
0.7081783463120728
0.8967687620928002
0.8725120647421349
0.865024991406221
1.0043175765583163
0.8075560383143044
0.8570467219955056
0.8616622156526568
0.6897780199302117
0.819818413586822
0.8874084491963844
0.6651701977054811
0.7654965211732508
0.9094012961609969
0.8590574451804108
0.7584248888476107
0.8095636261408187
0.8201933115498342
0.8929373516428297
0.7205729555788216
0.782741743091998
0.758339818939536
0.823587842039658
0.6984532735936062
0.9024732961153081
0.9021428450762595
0.697248111826385
0.8897054305193489
0.872550349000021
0.7981498080612829
0.705269064863137
0.8230554757122461
0.711172128588878
0.8591754629747049
0.7271795669955428
0.84006213019817
0.8191133114913374
0.8876438039698932
0.6799610649050749
0.796919266110977
0.7131429171549195
0.7518619831339616
0.8126189323672145
0.8823183037211368
0.7137353004200079
0.7345141857411119
0.836242705591808
0.827942887967947
0.8192213514298167
0.6709693185432709
0.8722763564624519
0.7077207563820078
0.8359623087906041
0.7090788120299595
0.765009689144058
0.8372748912920092
0.8821512044589936
0.8619648690579288
0.8361639357626558
0.8805821002606166
0.7586538483840535
0.8486697879799724
0.7785703532351317
0.8396650711349005
0.7975772049133979
0.8538823670011287
0.8578817509140709
0.8831268227038862
0.8450837834406175
0.9027846907306932
0.8789678235235341
0.8495005545584751
0.8591733901436518
0.8770549100791901
0.7879703578570308
0.8767925968975248
0.7272364334329959
0.8386772418483304
0.6579579596850731
0.9024549494583102
0.7805675775713878
0.8897445713025212
0.8911308803007856
0.9107423188359527
0.8616575131998786
0.8441733786973813
0.7072659100567543
0.8446313250587216
0.7951509831950653
0.8291703228554835
0.833928309502674
0.8079289083256831
0.7448745074146514
0.8516741670863204
0.8368035783486888
0.7431404120870007
0.9319660671746042
0.8263482217535795
0.8271728031385476
0.8083214124988808
0.8560230482839214
0.8152449857720965
0.7509317079100858
0.8279681614663856
0.8705958527226878
0.7654983249855775
0.8767250230017201
0.9268084493236252
0.7108877852897939
0.7858664752299275
0.8591819469493963
0.8892575993334374
0.8447492325730724
0.8869507407781447
0.8616666973225288
0.902784496771296
0.8608933384113739
0.6966267553910556
0.7411542444765393
0.7953282533771657
0.8236261075201716
0.739872999934622
0.8009633127314109
0.8063800483141245
0.8157967657020432
0.6450046478912344
0.84050444265485
0.8869648700599295
0.9673563355590742
0.7856429297098781
0.836414444161253
0.8613541661031165
0.7238044842498131
0.7278416399564965
0.7427647007336886
0.866482787969248
0.8877718145500821
0.8408675021951236
0.8436171362108095
0.8247932157935167
0.793520250080497
0.8875205393682793
0.7290044534952208
0.8087925173352537
0.8948116426622476
0.8153273100914447
0.9032427320838456
0.7514276978499249
0.8947073762788755
0.8267904352815331
0.7535346630760742
0.788115420518566
0.7339582115356392
0.8566533798302831
0.7674130995677523
0.7269490485560228
0.8217134542393006
0.6913758091081783
0.8905211730811811
0.6871024810575521
0.6432492402936654
0.9039902941919696
0.8055990310313367
0.8795832307312267
0.7393351430333996
0.7909648223682957
0.7415151211158179
0.8586616897697877
0.7417555369029956
0.8086516794236058
0.8162003151527596
0.8648782315339021
0.8023281712982419
0.7960001064315919
0.7182786842669243
0.7788533862591902
0.8978886956694359
0.8039252326270605
0.8049540731391126
0.8395211040807569
0.8099853834363888
0.7604979476986949
0.8766965082044472
0.7181507542892681
0.8229216008452215
0.7559209790408491
0.7576947466968695
0.8923949348317264
0.8539471192564658
0.7996051950856027
0.7445079640218278
0.879826282152764
0.9084012302492743
0.8552994873305176
0.8773323551603766
0.7889677174981814
0.8384622601923428
0.8322140174526091
0.7424983177824931
0.8880282800447625
0.8021120221715233
0.9509129579345997
0.8722251746307701
0.7396256738820639
0.8854873750862104
0.8318565812976878
0.7560032272186928
0.7983789631748888
0.7131487249036154
0.7641182685522628
0.7505402640145425
0.7726705505498735
0.8259444367578263
0.8890685805304175
0.8654046352908743
0.6636750567325457
0.7402867342599866
0.8654766563879375
0.7337312069544957
0.8537180295180824
0.7709364752551975
0.9086356029286089
0.8211376210499012
0.6587504488118344
0.6806197400328741
0.8517378539385525
0.7920733680767751
0.8531274681364617
0.831116752039472
0.8460138015026175
0.930171437385011
0.877968941888776
0.9150644861808569
0.6868672967607403
0.8575783151149585
0.7793149686537075
0.7889405309253085
0.694719814216731
0.7762614601922708
0.8331236262878331
0.8911766669391399
0.8983901060961329
0.8366566416327409
0.786599228083251
0.7587252423387869
0.7254730487927378
0.8342909037007091
0.8494335319784357
0.8100226757704769
0.8162013917299492
0.7488703093559455
0.8868889999635208
0.8069788678049308
0.7244424608079082
0.7611511510787855
0.8572483745660313
0.7846938538876169
0.8265735427743173
0.8381718112871962
0.8641237879413317
0.7648298445308866
0.7956608769855245
0.8640990700109813
0.8744551107320502
0.798003403189349
0.7911034577378258
0.7748687046774806
0.898719746309759
0.8720569820152133
0.8096957564299989
0.8397413019497615
0.8284145526400986
0.7436229209484735
0.745535447144812
0.7637582575915504
0.7184591425754396
0.6830354970116144
0.7456846721808776
0.7072969111851859
0.7515674992405935
0.7023950624342232
0.8630276903564527
0.8561285333000518
0.8240885891072267
0.8543894004648946
0.85676031969903
0.898637262846803
0.7706409389114652
0.7552853896919339
0.7593981624313847
0.79724862061143
0.8746757304863163
0.8445933608431457
0.8077741012244751
0.8700902699642594
0.745131502175662
0.6857692281093839
0.7945618341205208
0.7937473259026049
0.8294619319596718
0.7353528420825146
0.7918918497469124
0.7710111674651975
0.8458193910831269
0.7671838676459621
0.7792946501126772
0.8217517218359391
0.8432506127045833
0.9067619977861419
0.8464109982292072
0.8846086338376433
0.7511433301352203
0.7838763549627579
0.8646871749902981
0.8532636318285297
0.7718069409475086
0.8213462245490479
0.9116738430828012
0.808546397827872
0.7757099836257766
0.7378869222196869
0.7305282080909672
0.8507462050406212
0.7210985403497536
0.7696198768220415
0.7823572792275697
0.8653014512776466
0.7899291556318973
0.749687183665498
0.6938800330067049
0.7883859115135989
0.8679290018317438
0.8288745897786537
0.7279420517857126
0.800400115784632
0.9260584557476782
0.7359134415473937
0.8577369916165593
0.8737927044152557
0.8915756031135391
0.7644864027557162
0.8047435161520289
0.7877993340723402
0.8183770043853784
0.8112316632854785
0.8016789152424642
0.8597184733839339
0.8089030609360133
0.7908174557601505
0.768553667455758
0.7647613627138112
0.8095106606042479
0.820984142170821
0.7808362493502332
0.8535794904473879
0.8300648549468335
0.7756760959847046
0.7663788422594856
0.7818049770553451
0.793169720379391
0.8921393776049176
0.8876286324332682
0.9106389421702283
0.7928376201929813
0.8234644429982798
0.7346153801467676
0.7032899871667639
0.8305778040098403
0.8347720889949085
0.8078964870772811
0.7105229313094957
0.7824030301585863
0.7922100955640548
0.7714661159452135
0.7660213711807622
0.8742123408869458
0.8090473275704898
0.7110923717564948
0.8914186141393465
0.8855949756955058
0.7866695852804251
0.8230578296470065
0.7486427175101533
0.7795036739404527
0.7129698720384587
0.7695270063989212
0.7579033320798213
0.7296910079429832
0.8173609688530504
0.6931402820713181
0.891749616745163
0.7567402024066607
0.8370738392455321
0.7248698589586896
0.7519003581886453
0.8011701092543713
0.7356490887303643
0.784882392456949
0.9087875774752429
0.8091192299663947
0.80028782803324
0.8321021072375762
0.8493468082442869
0.8468720665542098
0.8060592489296142
0.9085586653238972
0.6888662516077413
0.7997919502297302
0.7727792090480796
0.7616122852937812
0.7959518801715939
0.8676132036169251
0.8339830178419548
0.7917371791373129
0.8760712295904429
0.8615601550313878
0.9022451252489686
0.8027237614405014
0.7341762239115555
0.8779905512587215
0.8800564871177564
0.8298977254132819
0.7673566145203712
0.8574653705073048
0.7831363771293532
0.8893399813625644
0.8575262065865212
0.826590883644455
0.9090357911346825
0.8152841562277605
0.7797236095124582
0.8751131470237877
0.7987075480430363
0.8678294826767631
0.8792100660617311
0.7357434989814005
0.6594763661468281
0.8725334088974847
0.7514265180892407
0.866544499201999
0.8536324996045604
0.8733597133800269
0.7966267985438182
0.9229638726183633
0.821994638490892
0.7396703191758368
0.7823597429955893
0.891165190964342
0.8930274175785482
0.7315653922188726
0.8122403372277801
0.8929677613698791
0.7947797459771192
0.7100320361726861
0.8387745900161906
0.8411057117722006
0.8374554074963156
0.8138747213678537
0.8428754745004996
0.7757226469410758
0.7187811357426174
0.8470049835186176
0.8023701179650287
0.7347300436366555
0.8355438718549001
0.8503661651975252
0.8198645502714662
0.8798242681536637
0.7896284208853908
0.7751875449261855
0.8704629962960584
0.8337279731558399
0.8260059705131892
0.7993826244803699
0.7827376414025663
0.9035058854329923
0.7731505380418945
0.8572839716047036
0.7561076826291908
0.911058077234878
0.8192554115123464
0.8564162589846671
0.7045583772508823
0.837938262871753
0.8083116873985408
0.8647851207854749
0.8528160604150026
0.8823784242931597
0.8137607605570998
0.8989090498703943
0.6952081083639281
0.7774406734794422
0.8423112248417329
0.85483580543824
0.8747276452718609
0.8484823017850578
0.6847186349920267
0.8167788518063035
0.7350522788638659
0.8154533500679304
0.7465759835067853
0.7650588775714924
0.8819903258289173
0.7931260964892293
0.9438842692121404
0.8017403411608506
0.6678843129379841
0.8109622424416161
0.7873718597667605
0.9093398240458506
0.8729157817510422
0.8385541969616157
0.8521005560131587
0.8901145540443194
0.7286701347733041
0.8527197094453474
0.8589575456116673
0.8568458477805281
0.740924464727307
0.8462108911133138
0.8072387404221177
0.8539454304298175
0.7884904182105437
0.8475060767155772
0.8069427792829623
0.781071696702965
0.84803244824612
0.740027116100126
0.8447736325080331
0.7258878324280221
0.800692923803303
0.7792333549833974
0.7738090521317113
0.8372442150519127
0.8419402965528581
0.7516681181040633
0.8804168719130953
0.8017957284221516
0.8193501489082715
0.832937296232552
0.7320843449586828
0.7541160236975087
0.8180593412132027
0.7828183951597981
0.7683817883244548
0.7813822370472175
0.7698507127553502
0.7909000655783976
0.7685419971278782
0.8194327764504469
0.817535667657689
0.7286739644729072
0.7350200467643446
0.8011517674810349
0.770390721454441
0.7656800112948481
0.8142991206840775
0.7943158653855869
0.8188979424376929
0.8914652059378725
0.8333168096081087
0.6846772580812933
0.764525003250172
0.7773451797731333
0.8384926697852975
0.803752547781722
0.8128862464089417
0.8698589440125282
0.7896461365493372
0.8815899369079565
0.7810432777280494
0.7450877044878625
0.8467549869458358
0.7586938644338797
0.8373966252709039
0.7799907528304985
0.7494704646496145
0.7621843091483919
0.8045838232692277
0.762598911493657
0.7518613078786793
0.8821158031738782
0.9022675663143669
0.797353635209175
0.8194228004388493
0.8686989012427474
0.7284970981076149
0.8175333883216085
0.7333593797962539
0.7882212697088458
0.8470883731476124
0.7952627543314399
0.7367012145530409
0.8660332163979831
0.7872495483058312
0.8974600445467483
0.7357856064182673
0.8822296472132071
0.8302892613623158
0.7921956847237361
0.8585471425624693
0.7851440595205472
0.7996372477611946
0.6402539150942922
0.9107324767897168
0.8027551474882917
0.8037457109583819
0.7457876867472615
0.8280592988211735
0.832133101203656
0.7626052329579025
0.8353916161422477
0.7533721078105191
0.9006729102633947
0.8878100250164107
0.772710298134712
0.8253113039599511
0.7869382516478045
0.8863836284040378
0.9544959546619289
0.8997402664335105
0.8071667092568838
0.8077351054684003
0.7222939077460692
0.7990771764895314
0.7442636272350172
0.7980640925162561
0.7433752788127495
0.8167476132007194
0.8677014072607541
0.6690857660664169
0.8305757914795266
0.7164210849748328
0.6610927259705699
0.7967976011586414
0.6785433478650607
0.7683706672516069
0.860567266266401
0.8001852352062071
0.742613993853488
0.8673347227396713
0.7154115342816931
0.8879075974721993
0.8752007716709
0.7695816388065944
0.8272528990494125
0.7193952139270811
0.8832197836958098
0.7718903483538901
0.8982871347665404
0.9276803595090893
0.6979590671091119
0.73237550237156
0.8757925382821856
0.8849556145575432
0.7845050185503109
0.8452311129348221
0.6997976481521402
0.7775829667587686
0.6913272550594829
0.8000301200665786
0.8259560069843803
0.7418800617411365
0.7490566927278767
0.8068125041961964
0.8251642870713151
0.9105261461945934
0.712815241771887
0.905038591725073
0.7904720022899696
0.8706425692324263
0.7522478098993495
0.9006119328375383
0.91761617348563
0.8111215638066056
0.8750138972519882
0.9020469422591653
0.7458915984851184
0.8062646604177627
0.8401677889686452
0.8726602664827884
0.7885047941728881
0.7721812678202968
0.6957030225025982
0.8890481323100218
0.8054793185117599
0.7656358663759201
0.8914840879370827
0.8136992178502502
0.9001363807613945
0.7088237303484128
0.7781988047638673
0.7155763903545925
0.7629855532604695
0.8748498151834032
0.7320413121289353
0.7414704699205051
0.823512006663279
0.8858578677880192
0.7998106102102989
0.8026760845796965
0.8625103189918252
0.7307814694409007
0.8888809636800308
0.8142060749135258
0.8205905864973587
0.8485085346787584
0.9347414806062755
0.7873513415543075
0.7517061509760486
0.7554901881623584
0.732509854796322
0.7927653697121547
0.6750270365282567
0.8459400092878322
0.8969522712231445
0.7887209652884142
0.7926351832678444
0.8162934093515624
0.8693496581787423
0.8066848527292009
0.8765581359742206
0.8031818907128991
0.8469274301860551
0.7671832392939352
0.8215464513030715
0.8357174658980667
0.8532488719713651
0.8015625960746697
0.8638927128003066
0.6831771351699073
0.8383856253743374
0.9267266849784247
0.7200727194496466
0.6851596498760586
0.7229544707927105
0.8265705581776078
0.7902491302312682
0.6109181201547405
0.9069420583037171
0.7573217689071085
0.7482582265539724
0.8341722833236898
0.9169959514822024
0.8520993547527327
0.718434700658983
0.8512532534757785
0.8227691884410918
0.8232750075671494
0.7302184860548174
0.8054122554991866
0.8153920422474683
0.835897265287643
0.8020493850294171
0.9299204348309793
0.8716078560387177
0.8224387503219108
0.8059900938141872
0.8929974184699238
0.8270720754200709
0.8584727838026781
0.7265105188888789
0.8110282453569364
0.8378377332474837
0.9227216501795893
0.8893272899004376
0.8474369292329335
0.7893965042078012
0.8166016089685884
0.8225873817092251
0.7711299248089672
0.8187385290284401
0.8359501206705802
0.8419617787799564
0.8159865567215024
0.7115778212382061
0.8381316816822959
0.8173598969035321
0.8657675399418403
0.8193780568490908
0.8219596897370227
0.797012651504184
0.70416752804193
0.756607015397817
0.8326016944522333
0.9046608732179041
0.716443568511305
0.7514383440288633
0.8631567537463676
0.9017072251815216
0.7529339713905179
0.7178807388613919
0.7427858831712181
0.7847994399290209
0.6840733430151216
0.8163890273632263
0.778801769294243
0.7618428916833165
0.7570251274354539
0.8241592872281149
0.8123309213104419
0.7962127152334584
0.7918282180352468
0.7689539917043424
0.8654308380813727
0.8546118544486738
0.8512931230713112
0.8252944841356473
0.7016846894447204
0.7822483145930924
0.8341551165361655
0.893898547096673
0.7771732166743011
0.6786793182322262
0.8379650101269657
0.7691280784841196
0.8044009402401566
0.7515097780273761
0.8395371396169092
0.8367203922003859
0.8121217956823565
0.8109719969316764
0.78659035541158
0.7417788282227756
0.798388603274335
0.8106181385297107
0.824988456722185
0.7661558504066084
0.7828580261723408
0.7857231399457096
0.8637074337931971
0.7183671501071253
0.8767425575161265
0.7004195664523557
0.8105941429121777
0.8580144122748724
0.7000445818515528
0.9131540701219584
0.853919344601776
0.7708492669516989
0.7446151239249781
0.7358714226373302
0.7936840981592099
0.7824678984318111
0.7071322066068193
0.8863229609107766
0.8770477551322727
0.7232669917762403
0.8321556472077393
0.936255046336249
0.6518698992425447
0.8475661435131256
0.7627642339028968
0.8885866005284446
0.7169638084195791
0.8675863636708865
0.8011382464937477
0.8274959366350723
0.7364050203235546
0.7367623862658292
0.9143383958869938
0.7779551051493424
0.7513959252700333
0.8104795867128318
0.8295165335422281
0.7652635523347965
0.7569463580258803
0.838061276929274
0.6894193220784441
0.8000817815946155
0.78727530080534
0.875178931722568
0.8230164978387811
0.7183841268604301
0.7348623906186582
0.9180053397377865
0.7721325402988901
0.7829552735609967
0.8170378635708714
0.8171944364224313
0.8303329350051565
0.7407170933753828
0.7688810002084184
0.7627367735029991
0.904891959967082
0.8630974743338178
0.8734743151352878
0.8500970004354986
0.8434289183619675
0.9131576703299055
0.8546133187408509
0.8384582931297807
0.7771706005209859
0.8493477737555881
0.7968200590929095
0.903782994385109
0.7629663610539624
0.7202496501996358
0.8136769515447329
0.7667581088238282
0.8895515660673395
0.9426469352807931
0.7231355626663277
0.8485394870904601
0.8562333106727126
0.9298105707335869
0.7912359846262613
0.836198177806561
0.8849011214685898
0.7154204016059991
0.8604856012266665
0.8548415566758768
0.9241813286830364
0.7373387873467399
0.7383991764332138
0.8611105356472464
0.7670056124313867
0.9585998634440553
0.7490875242674468
0.7668510205040748
0.7881628730618795
0.9298832499908474
0.8277003592672694
0.8403182524009222
0.7228273692999372
0.8192884479596321
0.8266260442798763
0.7717764519603977
0.8433587860115447
0.7866496199394953
0.9398215672880935
0.903502470510753
0.7219853190358768
0.8830657163049918
0.7779796814562727
0.8334909467103522
0.6377812752170559
0.833053969132998
0.7935940438222944
0.826038434423329
0.8357247832411339
0.833874193581439
0.8287304832574532
0.8591102498491029
0.7663258764779431
0.872487115818211
0.7923279938580787
0.8592172786237295
0.7608742716195135
0.7688660418826998
0.7029613956710428
0.7993080022517416
0.8339720452228288
0.7237824624321292
0.8218413546622074
0.7435610963594312
0.8303813359324552
0.6440034514563809
0.7983195137081417
0.783934903741224
0.8043226013552747
0.7199774996564996
0.8288100576419923
0.8353428344463176
0.7286372374785198
0.902274734164647
0.7700327093573176
0.8882692146605754
0.8925766933402994
0.8452338661707142
0.8814860408923338
0.7705433368132162
0.7961959124153363
0.7251847346404017
0.777973987876583
0.8846166907632131
0.8729008263084995
0.8241349185812943
0.9090490315643373
0.8767446816592185
0.8926051837693928
0.7266057634934361
0.8971135575704045
0.7419106546920168
0.8936891459416123
0.8500592131827793
0.7720497738012069
0.7370037174652955
0.845846278995168
0.7511343657967495
0.7061996732491986
0.8838677509723314
0.8217719104555976
0.8430015480785098
0.8818978070867523
0.7692328278023663
0.828673773026577
0.7725542721948844
0.798751685566283
0.8617068334785725
0.7428037019799022
0.8134155910994694
0.8262172086374269
0.8788133118254381
0.8376989822851272
0.8282422512031968
0.864812685977369
0.770165644614577
0.7597203682553069
0.7952035704646752
0.8495167503378283
0.8359322250314083
0.7667552101834993
0.8664526658020442
0.8690356809165145
0.9395997971055076
0.7104614405149166
0.7184521048224622
0.7085484117137892
0.8321256954721306
0.7785523537049516
0.7656961391368423
0.8143415922876194
0.7121178787757707
0.8061106587425765
0.8800228310949694
0.787566392392387
0.881679662776985
0.7178774970117296
0.9153301663496222
0.7336979324894783
0.8686709242155001
0.8182394079519246
0.85271573918817
0.8003615795836151
0.8363530993666667
0.7719434539773314
0.867265901831487
0.7454364571067071
0.8164115311001771
0.8584409194571262
0.7616737715906441
0.7669997533789334
0.8160130974426529
0.7268524777186538
0.8066687694115038
0.8049272958156892
0.8072438034900761
0.8291796868653378
0.9086409952672097
0.9107371680746857
0.924242638659924
0.7061217306046284
0.8441626635322945
0.7666408632703081
0.8358821921979832
0.8369486674562223
0.8554149630474914
0.8508202297102125
0.672051003545344
0.699879602540373
0.7830551525042446
0.7928126185873831
0.8596976388747057
0.7225817635638876
0.8589421251902587
0.8473923712066989
0.7888876356331209
0.8180245225939972
0.7045900031897009
0.7617587600126207
0.8602732413826871
0.726643831238235
0.7360047903544347
0.8330554647598909
0.8965774011220639
0.8536074527341388
0.7929538743261303
0.7623950599340076
0.7803294668198262
0.7421665485406893
0.8991911163795772
0.750598428889713
0.8239413884566946
0.7967320580999666
0.9175354942852609
0.8508155910718458
0.6188322710659582
0.7102696022042156
0.7892338205805594
0.8032929198641099
0.809306243698836
0.761889151772334
0.6608829634744455
0.7498861328971194
0.7206156212606353
0.7832640641089184
0.7218177376993291
0.7875870787803589
0.7570540341860317
0.7727943901743834
0.8240622965464327
0.662131026834293
0.7051362173304501
0.6817583535214444
0.8107349405559854
0.7787997387102666
0.8361877275668823
0.7480498373230083
0.806593116427686
0.7440390906146862
0.7819509041117683
0.6531109009120646
0.8496243265778899
0.7779097002992483
0.8956843826571546
0.8218627871923001
0.8504745474665814
0.8166327394660114
0.8075537054581927
0.7443052239310345
0.9895798550215353
0.7332623720630781
0.8867254638583023
0.9128406150310286
0.8066299737688263
0.8562032478148662
0.8269010303914596
0.8047998993215102
0.8552410607876211
0.7181264201260973
0.7470179099284553
0.8368337223288264
0.9025197730076999
0.8654709145464179
0.7060241375904537
0.8817472023475983
0.7803402008879048
0.8051014847204426
0.8391502942106369
0.8740538128965543
0.7632853755216245
0.8198631874793583
0.7711890170316156
0.789921615499622
0.8262150060192192
0.9573176092299998
0.9054419044326679
0.7836121474036996
0.7380321803785896
0.7512098162017165
0.8786932680514571
0.9060112175314402
0.8747634852217101
0.8381956237954596
0.8481618049632593
0.7971077991537338
0.8112055968851359
0.9184790235777198
0.7746096949685048
0.7471934277041388
0.8474209085931034
0.9030201715797225
0.8564422961590717
0.7056370322960694
0.8727700044047338
0.8453965210756601
0.7442905201593136
0.6926348455561813
0.798848094085471
0.8551586705443552
0.9166535388948575
0.9044126866128201
0.6632993233745152
0.7495134981174039
0.7656077861314865
0.7727462943079444
0.7547544493959388
0.8343873984059597
0.784507748708386
0.7675746269101766
0.7855214680563869
0.7474975211424982
0.7072127990281223
0.7783086384274355
0.789069971902799
0.8752740589154226
0.721024105709296
0.7772204858787704
0.7829227344652944
0.7921465256992586
0.7858253982052208
0.8505676223074295
0.7470566084725719
0.7990662843314238
0.8448129514096865
0.7882973749701447
0.8812611850516576
0.8698408814754388
0.8607412206164211
0.843843555356249
0.882921118399856
0.7773000949586572
0.7672203651330823
0.8433437867547533
0.8512454943300365
0.8972355645675307
0.7693455037535923
0.9193886901398993
0.8376496676845354
0.7476802526348361
0.8254558766385481
0.7425616898141315
0.828535892490071
0.8230979967971561
0.8265670623707304
0.7767777589606331
0.8820010701948486
0.7589054293426435
0.889419232640373
0.7644669038350728
0.8424052856836363
0.717358601130849
0.8797784655065589
0.7340895008775195
0.828500774327949
0.7325285063559219
0.9203856329079081
0.7339194713217881
0.8387218631125188
0.7948503196953824
0.7760503702004049
0.8332144241942094
0.6959442856916725
0.8042711635229451
0.8365344396804275
0.855091320623286
0.8454637502037751
0.7425631661072591
0.8411897410448965
0.8669337528433168
0.765332781996638
0.765023523881321
0.8015746287811831
0.8499051428366584
0.8348081772683816
0.8378874712068942
0.7337435437956872
0.7728266770107903
0.8552430166985615
0.7226581006568196
0.8487204635338634
0.8091519101944341
0.7597668823821317
0.8085308551713042
0.874261654818665
0.9101808394457394
0.8112567404505922
0.8481201131020384
0.743629405970356
0.8796850100819548
0.7983541090759722
0.7770116162125115
0.7736367231577237
0.8325729077459243
0.8112823975478122
0.9224545532688072
0.7946349997365663
0.8734930015641195
0.744680499285681
0.8398323662828074
0.8137494321794821
0.7303204325144815
0.840960973638392
0.8320262200871469
0.8047912268060393
0.7352534660878562
0.7379718468149545
0.8311367865383446
0.8302282046755607
0.8224536776872651
0.7867849238367257
0.8725967614060264
0.8126272676040237
0.7501197664703148
0.8248536487668978
0.7843408549305413
0.7188623048284523
0.8537387997992854
0.75835741449946
0.8314638344925993
0.8592998935369278
0.7699319288089453
0.6969563368817017
0.8688562144679663
0.8409635184193923
0.7338452090673926
0.7738930062438786
0.8008962244765895
0.739957990389179
0.8261686192129747
0.686535350436282
0.8919238772957238
0.8127152335395226
0.9336932810855648
0.7989918437626051
0.8416954472141691
0.7925576347378572
0.8459115658723554
0.8673582143744927
0.8369282316598297
0.8107313111970733
0.8704375377158886
0.8373967940614155
0.9305115269914739
0.7159248272973175
0.6966062241925758
0.7483238722396522
0.7691998058550501
0.7647552879870358
0.8252061589460982
0.9055461929850095
0.7139978458636099
0.743617834572719
0.8152073900778746
0.8926288611855043
0.7822832354764748
0.812884212990309
0.7032958670853999
0.7212466386796288
0.8997284212134469
0.8211169083516674
0.8927004782890852
0.8037659468604311
0.7896731737171824
0.898188366503407
0.8245796051484435
0.8685139558977547
0.8893711229127984
0.8018236307558662
0.7588887313235237
0.8402690859677328
0.8790728363629532
0.7860835020926262
0.7624757900800925
0.8737741876476861
0.7853328788048932
0.9142315906065703
0.7468729111636723
0.8092181875470952
0.8642766173162904
0.8472677735999485
0.7611836171166741
0.8616127988250822
0.7430531628027977
0.6864735099103705
0.8003012122937414
0.913605566887513
0.9374420077744555
0.7431083531177974
0.7186396015969445
0.8135170659721449
0.8814522095624402
0.7738899196892118
0.8726492998225291
0.9669410314774758
0.7150235467514433
0.922074789501107
0.8526855169911477
0.8460296315186866
0.7345524090638132
0.9261032251524746
0.8094763693037486
0.7885861492492588
0.8209274131276968
0.8698106493570444
0.8431171316376518
0.7205042150212825
0.823731566050056
0.862564837166719
0.8520372354856951
0.8875207038516654
0.820625684611978
0.8870473335875255
0.8407539586938128
0.8739945606441659
0.8547358928932762
0.8377603409513703
0.7725893234205274
0.7647360906723906
0.9132316457634807
0.6804422926858934
0.8057118330826476
0.9240791410747042
0.7470966188707865
0.8058765539420492
0.7782522831414751
0.8627825818346744
0.8236847796192852
0.7916960668857409
0.811552004561744
0.8574707152471823
0.8864087748689539
0.8536832992777845
0.878805987376228
0.7729384731214541
0.7384758885647038
0.8546273788488161
0.8765770499509231
0.8458921618006684
0.684406030472049
0.8234910784207372
0.8273370532677254
0.9016819043940296
0.8262587807167363
0.8931932288429245
0.8984073539745557
0.840406855740744
0.7692381298748342
0.8624007870273316
0.8121665808243237
0.6842169405324113
0.8165814918921019
0.8406161269410404
0.9370121051345022
0.8102178001429449
0.691013561444487
0.7274367872463748
0.8446669216947739
0.8245275765885567
0.8244777989224115
0.7596649570276524
0.7258384905350572
0.8841230293555773
0.6840487311176888
0.8584147457778163
0.8808578491606641
0.7328141589767163
0.7368983728660496
0.7766293802693066
0.7459018629611786
0.8166441031484446
0.7832456611229002
0.7415009085876754
0.9258015493734302
0.8152443716242952
0.8088451130644605
0.8983563425945513
0.8171237049298341
0.7049762109863342
0.7599060941396876
0.778014661424563
0.8171191287387509
0.8055531397787978
0.8728405296306861
0.7825523383367994
0.9300164318535307
0.7957055578487482
0.8002552781710932
0.7939667751284638
0.8113652806771435
0.9591872780858031
0.8247974862079285
0.8381647793296346
0.7723573754542394
0.854925386760917
0.7246883219672188
0.860353056650681
0.8114996407624848
0.736131356882088
0.7843888381110347
0.7900228428334347
0.7951063534691155
0.8474354625192073
0.795188402472643
0.7878508067370382
0.9190369574708086
0.8945317486062792
0.859666853613013
0.8386845466605388
0.8705096411392036
0.8932578612237325
0.7796818073688545
0.8858266905137459
0.8193297407505417
0.8309267601299837
0.7554738487100491
0.929454087712158
0.7314955036063445
0.746656466499172
0.7596386626324152
0.7924394493990321
0.823312768528909
0.8764197754812247
0.8236694635829923
0.8432944204261763
0.8857802258842888
0.7549602048775993
0.9347082900466429
0.7804136911898476
0.8998695824836533
0.8522590602659734
0.8774365599560324
0.7883168545145168
0.7943393295399447
0.817446180887183
0.7997577533724555
0.7102732013487394
0.8788688539816922
0.8809006158538234
0.7431901053359575
0.8112897593778778
0.8320568911278128
0.7613314711508172
0.8119341263034406
0.8629017507659171
0.7650648850360161
0.6953563016836729
0.830932662018084
0.834905215741398
0.7862618864224813
0.8867572056629599
0.9480248047720193
0.795529646224288
0.7458718001881846
0.9383789865973626
0.7198633107370533
0.7593918884744101
0.7927298720192844
0.8096668858089178
0.7744211691298121
0.791515461413113
0.7868212848200551
0.8749433355416913
0.7958012563789778
0.8720573154701751
0.8178219617378564
0.7248831955876878
0.7705149016454389
0.8594474822378653
0.8262396015448686
0.8514189656197884
0.7131619966887506
0.7643268915580349
0.8336976400952998
0.7586009343046507
0.8129415674729984
0.7288814321282281
0.8015681095186162
0.6968531072859656
0.7887250580636265
0.5667721465415707
0.8396266335739956
0.8816829895277292
0.8440095453594686
0.8820489857657897
0.9211397036704567
0.704478064032568
0.8302740174649829
0.7736673622575732
0.8592520926246021
0.7394238951462055
0.9129144762093726
0.7617448480809527
0.7352852424430036
0.7409417353956551
0.8433822356310995
0.7408325889443419
0.7180260631201036
0.8223142377778146
0.8994503060918473
0.7921295857583805
0.8624501394966879
0.8194733534066257
0.8688851662486328
0.8674379836824369
0.8797179822236837
0.7923498272925168
0.9293901660205919
0.9149767364390342
0.8338712624246338
0.9110067250430135
0.8772410437399034
0.8234891687220661
0.8250444126460319
0.7444687593005241
0.807465103198648
0.8204519076026899
0.7989758346830381
0.8009998039638089
0.8946916798072442
0.8336358698041224
0.875769771427734
0.7914686881449644
0.881792445684238
0.8281942442103127
0.8760559186531294
0.7709172631767738
0.7866859950656838
0.8684830076188614
0.8026738059913843
0.7299189760703564
0.7947373260647014
0.9248238617360466
0.7795988610790716
0.7836691675829546
0.8682722433351032
0.6865064896875084
0.749335324736273
0.8912965400510277
0.8745358281703433
0.8348686687662302
0.695776729177236
0.795158193763335
0.8711063322821837
0.8345415462526616
0.819406452084448
0.8905119906181732
0.8568522919140438
0.8598675207332884
0.8459796782297663
0.8461498307365504
0.7878498940742116
0.8591839371978847
0.828409019613307
0.7944644690142936
0.9029610467944644
0.8886733722728085
0.7782133467426152
0.691855627022356
0.7777792185415262
0.7773832407568844
0.8620947265386458
0.8463294787534563
0.815406242485565
0.8147878112674904
0.8054619210197291
0.8618022823159437
0.827156247209182
0.7997009690430154
0.876847928649292
0.7690997194003237
0.7887113118731209
0.7391815938709456
0.8387468653517604
0.7824574678201951
0.7478258721362345
0.8729660367448047
0.8744421590507269
0.8184242278527242
0.9332207580589186
0.8547378627098073
0.826337813942434
0.8189132858366724
0.8970624419726061
0.885349944396681
0.8516897482663616
0.9474104119144544
0.8707016771350042
0.8011960500928264
0.7698401740361068
0.817351682655172
0.7457173973741946
0.7379485034335602
0.8823779532705874
0.806049663104929
0.8531999824771034
0.826591782889318
0.7093620649854778
0.9153841131436298
0.858098069954952
0.8521429238644461
0.8262843273980514
0.785089780954179
0.8461394562148801
0.7677924207298423
0.7844135857631626
0.8497825566862901
0.7266663223844518
0.8336560067251023
0.7850496890682271
0.8226245928594027
0.768527177340759
0.8091863558171041
0.7488773995505111
0.9051441899877578
0.8100312916593451
0.814394526839039
0.8408324046263732
0.8920062487136275
0.8058494557399217
0.7242699020621627
0.817099488935709
0.801855403165026
0.6832396286201905
0.78430734269747
0.8486572467334234
0.8612410637785419
0.8884199352243556
0.7671357356974091
0.9459966424059202
0.9118107566822378
0.8852741323900652
0.8233619290101216
0.8211033433864053
0.8962546455074154
0.7536721708697983
0.78556496217152
0.8228862292177204
0.8448149536672751
0.8282087889371783
0.8205203776906516
0.748114053002241
0.7395529917803034
0.7497241690568264
0.7112434151596291
0.8479531048026514
0.7323761370720703
0.8307107566976681
0.7736385105941539
0.8833798838186296
0.7177268623030149
0.744564373812387
0.8601002562891977
0.710943357597267
0.8636803295822431
0.7680507958666324
0.728334654954162
0.881108554929809
0.8182183187776118
0.8185232153469773
0.7764803596996892
0.7625031266688619
0.848806069773561
0.7311635913006149
0.8748030941025424
0.8655295148407977
0.9117412932301896
0.8465731949587959
0.8234782763033107
0.8653622571745364
0.7915909758941846
0.6523574622371981
0.779582377904711
0.9169730283913016
0.8334926611889485
0.7293550605269599
0.8333167042930971
0.9206982851058712
0.8500603758295303
0.7607247250088206
0.9021942609607856
0.9444185251580633
0.7693211790752373
0.7942702725987069
0.8004412485309238
0.7432562853790319
0.7861247566632102
0.7754108046494421
0.9294910750359614
0.8699938888595796
0.8469808474153651
0.7322129468103933
0.8496716341469321
0.8193273214539898
0.8289778727204211
0.7952896113306136
0.8051755471633448
0.7897873868075649
0.795663247930356
0.9492518877655287
0.7302705974161708
0.7110968272945285
0.8345349268983047
0.7394317420492532
0.8084725087833611
0.8562671055349415
0.837505472914954
0.7893316943412387
0.7349076531104272
0.8211832143353801
0.8395875805183791
0.8263755386385062
0.8243090476254771
0.8562571102057321
0.8174107130331094
0.7644070538371076
0.7672524406394561
0.7190315316457303
0.7939618221959832
0.8460107614874128
0.7278812280371391
0.7895711256160719
0.7386109682064363
0.701860211515079
0.8100332804356978
0.8556276417630437
0.7614804800093973
0.8414011683124681
0.7815070939019774
0.808456228218059
0.8508283566043374
0.8739708178565809
0.8989344308927951
0.7937157895837297
0.7446262317335476
0.7681358963108167
0.7400601732824611
0.8510861973618046
0.7665339200561341
0.859486719382512
0.7540630177317472
0.8958526478439544
0.6746126339691685
0.839968825655699
0.8458809337418449
0.7557986150758025
0.8714448574580329
0.8443205917618732
0.8489704364814632
0.9186180193243414
0.9280775104397252
0.7465172299778416
0.8224305515867129
0.8461978682893814
0.6747928459489027
0.8013464065246572
0.8189942400675843
0.9208111459448062
0.80461424797878
0.7836969472513112
0.8906446928902492
0.8347244588272534
0.7970650840858695
0.7426929552736823
0.8591216761880718
0.8737551222492888
0.8477734741483886
0.795664025284304
0.7874369325462763
0.9148072512125018
0.7434047173434873
0.896971233448095
0.8269142267942278
0.8686816369163048
0.8718664105584196
0.8641642257040538
0.7768138536695788
0.8497387931262235
0.7905795713032775
0.8064773436043192
0.8509808655853782
0.7893623994811201
0.7838642776223557
0.8366195869153383
0.7696989546238486
0.7552121740186085
0.7903260508648455
0.8029962814420533
0.8072400665483785
0.8146477029088576
0.7498192845429892
0.7968943216534716
0.7887077189643911
0.7945643762317866
0.7782601015861789
0.7501765983632036
0.789058645363482
0.7432666444151623
0.7409324156659853
0.7695452857824067
0.8850124399794095
0.8036063181629322
0.7641787842659096
0.8456810291813416
0.812257823323836
0.7468017161943922
0.7866718616719476
0.8100456410253789
0.7526309311309797
0.7641560716361764
0.8442352863520728
0.8904399832128733
0.8602584510366826
0.7207933703477045
0.7855075520295718
0.7610902554762407
0.8246284795623856
0.6708329660340033
0.7962855167527896
0.7217735952599728
0.8283002088488062
0.9279674350216872
0.8086063349431832
0.8008670784296734
0.8619355014219929
0.8065550717947438
0.7790320613466882
0.8087410080467086
0.797522499245634
0.7766500954168493
0.8254916396770684
0.7737821076641985
0.8509453742746482
0.8229645259253263
0.7598998558402359
0.7615290595770595
0.8365259269191323
0.8400670178240904
0.8777760041527103
0.8460867762383476
0.8023855332405192
0.8531659547301289
0.885651282535068
0.8209908388637193
0.8758260706423361
0.8507185217436901
0.8407766108241024
0.8438451598866699
0.8552065273849803
0.8426548450797156
0.8799358397227722
0.8793365010669076
0.8010790734590489
0.8700957931569794
0.8857066384132755
0.798560667640364
0.7637330985128049
0.7237126161411274
0.7387019514630103
0.878096279583596
0.883269394901916
0.7253662607073077
0.8051799904910105
0.8510624786785654
0.8320647227514348
0.748515383933221
0.8193051353896886
0.7534660185563512
0.847250093679684
0.8190243572726519
0.7778767765969656
0.7412366027162396
0.6714914963964184
0.8040952124766599
0.8121201352489666
0.8522448720511112
0.8496748161182919
0.8941022536750874
0.7714532406371231
0.7398851000137224
0.8151277493987603
0.794543643665947
0.8833079378940594
0.7879640278856908
0.7798679925016271
0.893428035865781
0.8287078922985953
0.8788387616266743
0.7821273739726979
0.840520736309334
0.7452821293475758
0.8056538427558513
0.7275853392456866
0.8022101799626612
0.9430407302250646
0.8535734493150893
0.757860989210279
0.7195657998648939
0.8841079707911841
0.8502397107690305
0.8171976287330456
0.7010941221162132
0.7633830668584225
0.7626900266593994
0.8444012368904158
0.8807088536492284
0.9022304122336473
0.7916553272634218
0.8659393001519864
0.7660834174686066
0.7964276752895705
0.8923525632524341
0.8406627173602554
0.9438426477403314
0.8429625388271813
0.7968344031805275
0.7223256170527493
0.6847237825708755
0.7207091047789462
0.7725742888500078
0.8714899682198234
0.9756395558898371
0.8528605690786009
0.9261659844502007
0.855637018987182
0.9119762964281369
0.7535863166861754
0.7537535378084131
0.8104868133544368
0.8299747016771681
0.790327189665246
0.7851364363329906
0.8654320766585554
0.8489969157847909
0.7478024438843711
0.7943957959808552
0.7021818264372991
0.6686711583514037
0.8025333923790985
0.8182312252738253
0.8626409794492156
0.7350754008962805
0.6989513491731901
0.7178305296228982
0.8445138977244939
0.8461742874532439
0.9398266768874949
0.7825068353758233
0.719461868791937
0.7755169187385539
0.7887378766923088
0.7854354814189594
0.7171724310474707
0.9070713375517345
0.7820489447365295
0.7868110120630526
0.7246658130192033
0.8402039100136495
0.7812403856265943
0.8074070474034052
0.7890268037926368
0.8494826786651124
0.8551525357889762
0.8630560383173078
0.7721098209953529
0.8638858331950721
0.7030843479941379
0.8385526893158921
0.8044889151013868
0.8352024212338094
0.7538575387686793
0.7631541888908676
0.7487678859216693
0.70285661209049
0.7643225347051867
0.7829552384312958
0.7214580028765635
0.8106667980542386
0.9124513849417009
0.8013764293089237
0.7650514063619617
0.8427821802203643
0.854200363037435
0.9259292229182625
0.807866552771936
0.8669472785921386
0.8317809628807495
0.8503662240876471
0.8144303959465342
0.793088030051976
0.7275717184251077
0.7694285571307726
0.8584323662492918
0.7570755864732548
0.812899542955888
0.7786315555301779
0.7650370488476608
0.808581097400517
0.7291547132734785
0.8203346141415415
0.7551576979899688
0.6888129060689933
0.877978904390252
0.9023068363943387
0.9327106948340168
0.7507315380856953
0.8133219654935901
0.8118024223000454
0.7704840185809468
0.8559811925186682
0.7586975627363829
0.8743321610017318
0.7929117344380952
0.71466981447164
0.8248908951166181
0.7342324451154908
0.7412961676905795
0.8545930614846792
0.7685791882540449
0.869823997842236
0.7714608378282619
0.8113989316319387
0.7751305277865219
0.8948015348012496
0.8112888205924579
0.8131946018569368
0.68300521079264
0.8110894258272989
0.8538673621847592
0.9134825344401025
0.7576858500452553
0.8902097461674198
0.8127849259172186
0.8523620779025606
0.84327781040999
0.7413412838469482
0.6813018781752336
0.723661797283832
0.7788483225222138
0.7721116272158577
0.7947089278804007
0.7945842081286847
0.8436138076562414
0.7922165473808376
0.7740789551082186
0.7613388035144439
0.7173699871606283
0.9231676925141995
0.9055529068597156
0.8126330248511362
0.8348862999179739
0.9282627526610843
0.8787036366224491
0.890548127969232
0.7619433867490228
0.8002153661581648
0.8267725915466887
0.792582284033121
0.7532361043592334
0.7861667660601616
0.8387861892661087
0.7521597264247591
0.8023804572349971
0.8172097883306353
0.8470355540486828
0.8090137933433084
0.7223020486775668
0.7938418880642168
0.7771319487939938
0.7457168699540353
0.847944357204149
0.8080294071354399
0.7710867014277321
0.8139238108513788
0.7255471839568102
0.8041294104984893
0.9017893601893033
0.7898994281507684
0.8122980463385888
0.828664243527942
0.8085397896205369
0.8479434479229949
0.781106980753802
0.7080073537435693
0.7677558485589696
0.7326791061877199
0.8121404828454238
0.8019982215556524
0.7800895569597978
0.8416418220854708
0.8156946568869321
0.8465218339442144
0.7592789517004803
0.6510747462804491
0.736320651495981
0.7877959975672941
0.689311495520704
0.951035455813256
0.7103085332281416
0.8523674986151466
0.7961748618084921
0.7940889911461989
0.8123867665792937
0.8188298890421056
0.7555311355788004
0.7990534297082171
0.8584283643467833
0.7874450382004231
0.8134922081681811
0.8663137393158776
0.7750836249684824
0.9307656359966991
0.7598023797062368
0.8396515896289583
0.9013651506503675
0.7230307221955028
0.8439232087495777
0.8874509745935344
0.7854524337671285
0.7823424888004485
0.8085715255088428
0.7805172069091585
0.8508760028031161
0.7473755249641884
0.8261317449160799
0.7387688165118832
0.8708045451348444
0.8224600934095515
0.7533165762145042
0.7455653800462154
0.6451587500045587
0.8194454194546656
0.8096693574164009
0.8730018562279624
0.7759321620828831
0.844024847848358
0.918175290934744
0.8144406099712376
0.827089411627951
0.8392863382622826
0.7658670576399532
0.7309837262468475
0.8324567500877553
0.7970219506878604
0.838714425228928
0.7712350758538414
0.7792928421209052
0.7751654582362519
0.7928174091092085
0.8372728883728441
0.7742913649942866
0.7891432704569548
0.7957807856876609
0.7692456506023144
0.8780444038705976
0.8526929908276253
0.689176416247923
0.7967372671844041
0.8037262858256129
0.7487972331981267
0.7118774138536254
0.8888955876241793
0.8718435079813732
0.8634922056350363
0.7763667755731334
0.8187349820568572
0.8444544179650668
0.8452619516083045
0.7691260918784533
0.808440904092569
0.8364483610088067
0.7981777296241023
0.7890430020377456
0.8440220936559805
0.8001558256606698
0.7185392099656018
0.7156461101478686
0.7934905747307274
0.7109589933691448
0.7903367749823865
0.8395918376041713
0.8081868733404793
0.7816315188811152
0.8196218548866026
0.836296512717793
0.8098037966825145
0.8321617051723511
0.9041875748147759
0.6596060955527105
0.8880884343579502
0.862438907798686
0.7787853765852686
0.8745267943799635
0.8228584362619675
0.9106941346092821
0.7112925751644946
0.8351195217151228
0.9018821809114609
0.6424827052851573
0.8587908487158535
0.9057794668646472
0.7755882745338295
0.7960269734475989
0.7986148294967323
0.8565921965690807
0.7772607368349715
0.8640989823099814
0.8153727491246413
0.8014027157273135
0.8279090455297254
0.8916403598833598
0.9742758329340369
0.7611332564329347
0.7239507221827651
0.754990588080414
0.7104370010877019
0.820444877300109
0.8281247252053252
0.7656501374753097
0.7862981268027087
0.7846340245571745
0.9170680434998834
0.797833541498227
0.7353336583701782
0.7646159975423612
0.8088737133417659
0.7804873680102398
0.8552434261965635
0.8500306129911208
0.6469217481418212
0.9109346636839315
0.6643018442782798
0.8337910343156089
0.7011364369984611
0.8131965632784405
0.7830371601670782
0.8061409969050012
0.8292346798090362
0.8900129954416032
0.7729717298230485
0.791230548143442
0.7729134674672684
1.001662545612055
0.7457851053315849
0.6626859383239925
0.8488258251244198
0.7298266453134767
0.7817040732321862
0.7469455574252646
0.8284158355015475
0.8635194964832973
0.8913778222943727
0.8915574373893119
0.8292878637984347
0.7999236174265125
0.7891028239600828
0.9289477303804963
0.8263522399630209
0.7565213770885305
0.8064248115988746
0.9225499431569735
0.9342537814442443
0.8009898602204899
0.7548520349196504
0.8538055590981957
0.8030458924325992
0.8593657208392043
0.708559019325131
0.722167821479848
0.904650927350025
0.7447483370944292
0.873451618409186
0.8139071218128664
0.8200805522099104
0.8047830296118552
0.9443505985614334
0.8292274582315576
0.8271782607999707
0.809623814416171
0.8308083539087134
0.9339206899969021
0.8301184469099534
0.7827270727310669
0.9210673841373495
0.77490091723307
0.7418895232376297
0.7527571578783061
0.8386240533193177
0.7451490450164894
0.7139061689400852
0.8695378185580402
0.8535511729164245
0.7786148535741318
0.8888224293350131
0.8270544222403892
0.9489536922880764
0.7996658659857558
0.8523157549917235
0.8153370532189119
0.7618119740675198
0.8941039316921773
0.8515769380643948
0.7642557804233626
0.8584900732047096
0.8124437957761613
0.8222327413925474
0.796577240709045
0.707640373047369
0.861061734250196
0.7431139531571046
0.7695778644309628
0.7793541051788533
0.8124144323098252
0.8333674051895663
0.8510586482273919
0.8266888347210587
0.783610920780727
0.7987369071659121
0.8479320172320474
0.7857742335582638
0.8841019324424958
0.9416762959533139
0.9055781534424598
0.7229787209255985
0.7990984796240643
0.7618077856067446
0.799064635026318
0.7834677229527949
0.8295048607799773
0.7722027452737368
0.7379479515014502
0.8955788362928381
0.7262343899641572
0.8444831291735403
0.8200293435371697
0.7676908467807946
0.7926544380082658
0.8165758540195621
0.851563649195155
0.8363869220435601
0.8936016482422273
0.8541848365398746
0.7591876155508593
0.8198412477958797
0.7808098258462852
0.7810990920182799
0.8620583337835338
0.7838167883661018
0.857769381002
0.7680974524560082
0.8029885254387183
0.7709893253748379
0.7592920133141589
0.8231212641468318
0.7714762238702717
0.8555271740963039
0.7902932379749257
0.8439398906458773
0.8035950380946962
0.8381869731726129
0.811440120265601
0.7508771998965645
0.8236523514941291
0.8672154480426173
0.8619928643691377
0.8063599503792882
0.8282468499179889
0.792308104431913
0.8632240160220057
0.7650161727311433
0.7932463002767188
0.8728581084978311
0.8910089413318438
0.9017133326245005
0.8792902280173611
0.846964245811519
0.9161472243053582
0.7978386736457016
0.8430746977255896
0.7880493127571037
0.7180196672282513
0.8187480170307313
0.8847234389774964
0.766298475445149
0.810181961943521
0.7811302154650046
0.8586894377580034
0.7397564958408887
0.8379247683792858
0.8414900479190809
0.7712957954103532
0.7439905453669831
0.7483393643163051
0.7014520822310918
0.8029713114512423
0.7840367560284387
0.7207882930052276
0.782365665574449
0.8457308420132904
0.7797937612965203
0.7865573034039786
0.7991275414502482
0.8053566027052174
0.7834098861213635
0.7994988116685403
0.7680285090491807
0.6994868669899719
0.7894616596294409
0.7646048191761021
0.8465601640303981
0.731962076755491
0.6300672753886125
0.9491803025641969
0.7648704628942313
0.8757638399903307
0.7251519637631937
0.888255942201684
0.8155936102449797
0.833171303594512
0.7439875846459709
0.7775385968313606
0.7905795995592537
0.768186253414962
0.8121277175482282
0.8773626347995166
0.8642386178158112
0.7601528516259959
0.835565625796324
0.8036354333115986
0.8472289274326745
0.9169950812391255
0.8410746436260744
0.74875706178176
0.8756516526098947
0.9368850163461867
0.8000045458646072
0.8448642194990653
0.7667284605994799
0.8050799373255962
0.8307091877859232
0.7962167286823666
0.7717470374998786
0.7067926621499171
0.8483263189019858
0.7360001379594869
0.7978486453909197
0.9522664973740911
0.8839174347726232
0.8072949095465707
0.8631004948585247
0.7585430495163334
0.8084356367460788
0.8109360881485648
0.7014399441588455
0.8279923038710812
0.7526178586006265
0.7811931018928965
0.7588798745960377
0.8057212440525494
0.7539160720384118
0.8126557956961056
0.7983950804790103
0.9039405013584911
0.7707567991315608
0.7738412499743943
0.8374412572162956
0.895653838534874
0.8381742055394146
0.9194814770539145
0.7725359519083099
0.7262320649560828
0.8797302643665882
0.8926866058855912
0.739432140925374
0.8121975695753467
0.7121056465770356
0.8284311689711571
0.8531989364889067
0.8382911366480115
0.7186910904785077
0.7884193521557784
0.7006741789561959
0.8488759898644808
0.754161158935976
0.9343211491224069
0.8202029066177821
0.8155352589854268
0.8333831704782054
0.7604065081972674
0.888526366407956
0.843875897808402
0.8591212907555263
0.7171885158904155
0.8193247406789013
0.7069336848853707
0.6930097592332661
0.7202828652775028
0.7804642833590028
0.8551233236120455
0.8836049668417274
0.8868343150663696
0.890547964968641
0.8299605133591004
0.9328649270210655
0.7435436778269311
0.7512748534775198
0.7678400262503619
0.7283332374949296
0.7342173100618727
0.8667995896025258
0.8499578924866068
0.7290071315963774
0.761420677357499
0.8904583830029964
0.7909863301879241
0.8489136725037352
0.9040379861571495
0.8072046766704356
0.7914432279665007
0.7153173379781959
0.7719370551909919
0.82223671670379
0.8874291236747898
0.7892530181974468
0.7530910382603865
0.8061000205605056
0.902391732403599
0.777504760247602
0.7902317210590717
0.7341850204915321
