1.0
1.0
1.0
1.0
1.0
1.0
1.0
1.0
1.0
1.0
1.0
1.0
1.0
1.0
1.0
1.0
1.0
1.0
1.0
1.0
1.0
1.0
1.0
1.0
1.0
1.0
1.0
1.0
1.0
1.0
1.0
1.0
1.0
1.0
1.0
1.0
1.0
1.0
1.0
1.0
1.0
1.0
1.0
1.0
1.0
1.0
1.0
1.0
1.0
1.0
1.0
1.0
1.0
1.0
1.0
1.0
1.0
1.0
1.0
1.0
1.0
1.0
1.0
1.0
1.0
1.0
1.0
1.0
1.0
1.0
1.0
1.0
1.0
1.0
1.0
1.0
1.0
1.0
1.0
1.0
1.0
1.0
1.0
1.0
1.0
1.0
1.0
2.0
1.0
1.0
1.0
1.75
1.0
1.0
2.0
2.0
1.0
1.0
2.0
2.0
1.0
3.0
2.0
4.0
3.0
3.0
2.0
3.0
3.0
2.0
3.0
4.0
3.0
4.0
2.0
5.0
4.0
3.0
4.0
5.5
5.5
4.0
5.25
7.25
5.0
6.0
5.0
4.5
7.0
5.75
8.25
4.5
10.0
6.25
6.75
4.75
6.0
9.0
5.5
9.0
13.25
7.0
12.0
13.75
8.5
9.0
11.0
13.0
8.5
14.0
12.0
12.75
11.75
12.75
14.5
15.0
13.0
13.25
11.5
10.0
21.0
13.5
16.25
11.0
16.0
18.0
17.5
11.75
23.0
19.5
18.0
22.0
34.0
14.75
26.5
15.0
13.0
21.75
17.5
25.0
16.5
23.0
15.75
22.25
18.75
16.75
23.5
21.5
19.0
39.0
25.5
25.5
22.5
19.0
27.75
19.75
34.0
33.0
33.0
32.0
38.25
48.0
18.25
32.0
33.75
18.5
45.0
37.75
37.75
24.0
21.75
45.0
32.25
40.0
22.0
26.25
44.5
31.25
48.0
48.0
24.0
45.0
48.0
34.75
48.0
45.0
48.0
38.0
48.0
29.75
39.5
48.0
32.0
48.0
43.5
48.0
48.0
48.0
48.0
48.0
43.5
48.0
48.0
48.0
48.0
48.0
48.0
48.0
48.0
47.25
48.0
48.0
48.0
43.0
48.0
48.0
48.0
42.0
46.5
29.0
48.0
48.0
45.0
48.0
48.0
48.0
48.0
48.0
48.0
41.75
48.0
48.0
48.0
48.0
48.0
48.0
48.0
48.0
48.0
45.75
48.0
48.0
48.0
48.0
48.0
48.0
48.0
45.75
48.0
25.5
45.75
48.0
48.0
48.0
48.0
48.0
48.0
48.0
48.0
48.0
48.0
48.0
48.0
48.0
39.25
48.0
48.0
48.0
48.0
48.0
48.0
36.75
48.0
48.0
48.0
48.0
48.0
48.0
48.0
48.0
48.0
48.0
48.0
48.0
48.0
48.0
48.0
48.0
48.0
48.0
48.0
48.0
48.0
48.0
48.0
48.0
48.0
48.0
48.0
48.0
48.0
48.0
48.0
48.0
48.0
48.0
48.0
48.0
48.0
48.0
48.0
48.0
48.0
48.0
48.0
48.0
48.0
48.0
48.0
48.0
48.0
48.0
48.0
48.0
48.0
48.0
48.0
48.0
48.0
48.0
48.0
48.0
48.0
48.0
48.0
48.0
48.0
48.0
48.0
48.0
48.0
48.0
48.0
48.0
48.0
48.0
48.0
48.0
48.0
48.0
48.0
48.0
48.0
48.0
48.0
48.0
48.0
48.0
48.0
48.0
48.0
48.0
48.0
48.0
48.0
48.0
48.0
48.0
48.0
48.0
48.0
48.0
48.0
48.0
48.0
48.0
48.0
48.0
48.0
48.0
48.0
48.0
48.0
48.0
48.0
48.0
48.0
48.0
48.0
48.0
48.0
48.0
48.0
48.0
48.0
48.0
48.0
48.0
48.0
48.0
48.0
48.0
48.0
48.0
48.0
48.0
48.0
48.0
48.0
48.0
48.0
48.0
48.0
48.0
48.0
48.0
48.0
48.0
48.0
48.0
48.0
48.0
48.0
48.0
48.0
48.0
48.0
48.0
48.0
48.0
48.0
48.0
48.0
48.0
48.0
48.0
48.0
48.0
48.0
48.0
48.0
48.0
48.0
48.0
48.0
48.0
48.0
48.0
48.0
48.0
48.0
48.0
48.0
48.0
48.0
48.0
48.0
48.0
48.0
48.0
48.0
48.0
48.0
48.0
48.0
48.0
48.0
48.0
48.0
48.0
48.0
48.0
48.0
48.0
48.0
48.0
48.0
48.0
48.0
48.0
48.0
48.0
48.0
48.0
48.0
48.0
48.0
48.0
48.0
48.0
48.0
48.0
48.0
48.0
48.0
48.0
48.0
48.0
48.0
48.0
48.0
48.0
48.0
48.0
48.0
48.0
48.0
48.0
48.0
48.0
48.0
48.0
48.0
48.0
48.0
48.0
48.0
48.0
48.0
48.0
48.0
48.0
48.0
48.0
48.0
48.0
48.0
48.0
48.0
48.0
48.0
48.0
48.0
48.0
48.0
48.0
48.0
48.0
48.0
48.0
48.0
48.0
48.0
48.0
48.0
48.0
48.0
48.0
48.0
48.0
48.0
48.0
48.0
48.0
48.0
48.0
48.0
48.0
48.0
48.0
48.0
48.0
48.0
48.0
48.0
48.0
48.0
48.0
48.0
48.0
48.0
48.0
48.0
48.0
48.0
48.0
48.0
48.0
48.0
48.0
48.0
48.0
48.0
48.0
48.0
48.0
48.0
48.0
48.0
48.0
48.0
48.0
48.0
48.0
48.0
48.0
48.0
48.0
48.0
48.0
48.0
48.0
48.0
48.0
48.0
48.0
48.0
48.0
48.0
48.0
48.0
48.0
48.0
48.0
48.0
48.0
48.0
48.0
48.0
48.0
48.0
48.0
48.0
48.0
48.0
48.0
48.0
48.0
48.0
48.0
48.0
48.0
48.0
48.0
48.0
48.0
48.0
48.0
48.0
48.0
48.0
48.0
48.0
48.0
48.0
48.0
48.0
48.0
48.0
48.0
48.0
48.0
48.0
48.0
48.0
48.0
48.0
48.0
48.0
48.0
48.0
48.0
48.0
48.0
48.0
48.0
48.0
48.0
48.0
48.0
48.0
48.0
48.0
48.0
48.0
48.0
48.0
48.0
48.0
48.0
48.0
48.0
48.0
48.0
48.0
48.0
48.0
48.0
48.0
48.0
48.0
48.0
48.0
48.0
48.0
48.0
48.0
48.0
48.0
48.0
48.0
48.0
48.0
48.0
48.0
48.0
48.0
48.0
48.0
48.0
48.0
48.0
48.0
48.0
48.0
48.0
48.0
48.0
48.0
48.0
48.0
48.0
48.0
48.0
48.0
48.0
48.0
48.0
48.0
48.0
48.0
48.0
48.0
48.0
48.0
48.0
48.0
48.0
48.0
48.0
48.0
48.0
48.0
48.0
48.0
48.0
48.0
48.0
48.0
48.0
48.0
48.0
48.0
48.0
48.0
48.0
48.0
48.0
48.0
48.0
48.0
48.0
48.0
48.0
48.0
48.0
48.0
48.0
48.0
48.0
48.0
48.0
48.0
48.0
48.0
48.0
48.0
48.0
48.0
48.0
48.0
48.0
48.0
48.0
48.0
48.0
48.0
48.0
48.0
48.0
48.0
48.0
48.0
48.0
48.0
48.0
48.0
48.0
48.0
48.0
48.0
48.0
48.0
48.0
48.0
48.0
48.0
48.0
48.0
48.0
48.0
48.0
48.0
48.0
48.0
48.0
48.0
48.0
48.0
48.0
48.0
48.0
48.0
48.0
48.0
48.0
48.0
48.0
48.0
48.0
48.0
48.0
48.0
48.0
48.0
48.0
48.0
48.0
48.0
48.0
48.0
48.0
48.0
48.0
48.0
48.0
48.0
48.0
48.0
48.0
48.0
48.0
48.0
48.0
48.0
48.0
48.0
48.0
48.0
48.0
48.0
48.0
48.0
48.0
48.0
48.0
48.0
48.0
48.0
48.0
48.0
48.0
48.0
48.0
48.0
48.0
48.0
48.0
48.0
48.0
48.0
48.0
48.0
48.0
48.0
48.0
48.0
48.0
48.0
48.0
48.0
48.0
48.0
48.0
48.0
48.0
48.0
48.0
48.0
48.0
48.0
48.0
48.0
48.0
48.0
48.0
48.0
48.0
48.0
48.0
48.0
48.0
48.0
48.0
48.0
48.0
48.0
48.0
48.0
48.0
48.0
48.0
48.0
48.0
48.0
48.0
48.0
48.0
48.0
48.0
48.0
48.0
48.0
48.0
48.0
48.0
48.0
48.0
48.0
48.0
48.0
48.0
48.0
48.0
48.0
48.0
48.0
48.0
48.0
48.0
48.0
48.0
48.0
48.0
48.0
48.0
48.0
48.0
48.0
48.0
48.0
48.0
48.0
48.0
48.0
48.0
48.0
48.0
48.0
48.0
48.0
48.0
48.0
48.0
48.0
48.0
48.0
48.0
48.0
48.0
48.0
48.0
48.0
48.0
48.0
48.0
48.0
48.0
48.0
48.0
48.0
48.0
48.0
48.0
48.0
48.0
48.0
48.0
48.0
48.0
48.0
48.0
48.0
48.0
48.0
48.0
48.0
48.0
48.0
48.0
48.0
48.0
48.0
48.0
48.0
48.0
48.0
48.0
48.0
48.0
48.0
48.0
48.0
48.0
48.0
48.0
48.0
48.0
48.0
48.0
48.0
48.0
48.0
48.0
48.0
48.0
48.0
48.0
48.0
48.0
48.0
48.0
48.0
48.0
48.0
48.0
48.0
48.0
48.0
48.0
48.0
48.0
48.0
48.0
48.0
48.0
48.0
48.0
48.0
48.0
48.0
48.0
48.0
48.0
48.0
48.0
48.0
48.0
48.0
48.0
48.0
48.0
48.0
48.0
48.0
48.0
48.0
48.0
48.0
48.0
48.0
48.0
48.0
48.0
48.0
48.0
48.0
48.0
48.0
48.0
48.0
48.0
48.0
48.0
48.0
48.0
48.0
48.0
48.0
48.0
48.0
48.0
48.0
48.0
48.0
48.0
48.0
48.0
48.0
48.0
48.0
48.0
48.0
48.0
48.0
48.0
48.0
48.0
48.0
48.0
48.0
48.0
48.0
48.0
48.0
48.0
48.0
48.0
48.0
48.0
48.0
48.0
48.0
48.0
48.0
48.0
48.0
48.0
48.0
48.0
48.0
48.0
48.0
48.0
48.0
48.0
48.0
48.0
48.0
48.0
48.0
48.0
48.0
48.0
48.0
48.0
48.0
48.0
48.0
48.0
48.0
48.0
48.0
48.0
48.0
48.0
48.0
48.0
48.0
48.0
48.0
48.0
48.0
48.0
48.0
48.0
48.0
48.0
48.0
48.0
48.0
48.0
48.0
48.0
48.0
48.0
48.0
48.0
48.0
48.0
48.0
48.0
48.0
48.0
48.0
48.0
48.0
48.0
48.0
48.0
48.0
48.0
48.0
48.0
48.0
48.0
48.0
48.0
48.0
48.0
48.0
48.0
48.0
48.0
48.0
48.0
48.0
48.0
48.0
48.0
48.0
48.0
48.0
48.0
48.0
48.0
48.0
48.0
48.0
48.0
48.0
48.0
48.0
48.0
48.0
48.0
48.0
48.0
48.0
48.0
48.0
48.0
48.0
48.0
48.0
48.0
48.0
48.0
48.0
48.0
48.0
48.0
48.0
48.0
48.0
48.0
48.0
48.0
48.0
48.0
48.0
48.0
48.0
48.0
48.0
48.0
48.0
48.0
48.0
48.0
48.0
48.0
48.0
48.0
48.0
48.0
48.0
48.0
48.0
48.0
48.0
48.0
48.0
48.0
48.0
48.0
48.0
48.0
48.0
48.0
48.0
48.0
48.0
48.0
48.0
48.0
48.0
48.0
48.0
48.0
48.0
48.0
48.0
48.0
48.0
48.0
48.0
48.0
48.0
48.0
48.0
48.0
48.0
48.0
48.0
48.0
48.0
48.0
48.0
48.0
48.0
48.0
48.0
48.0
48.0
48.0
48.0
48.0
48.0
48.0
48.0
48.0
48.0
48.0
48.0
48.0
48.0
48.0
48.0
48.0
48.0
48.0
48.0
48.0
48.0
48.0
48.0
48.0
48.0
48.0
48.0
39.75
48.0
48.0
48.0
48.0
48.0
48.0
48.0
48.0
43.5
48.0
48.0
48.0
48.0
48.0
48.0
48.0
48.0
48.0
48.0
48.0
48.0
43.5
48.0
48.0
48.0
48.0
48.0
48.0
48.0
48.0
48.0
48.0
48.0
48.0
48.0
48.0
48.0
48.0
48.0
44.0
48.0
48.0
48.0
48.0
48.0
48.0
48.0
48.0
48.0
43.75
48.0
48.0
45.0
44.5
35.0
41.75
48.0
48.0
48.0
48.0
40.0
48.0
48.0
48.0
48.0
48.0
38.5
48.0
48.0
48.0
48.0
48.0
48.0
48.0
48.0
48.0
37.0
48.0
48.0
48.0
48.0
48.0
48.0
47.25
48.0
39.5
48.0
45.0
48.0
48.0
46.5
40.0
48.0
48.0
48.0
46.0
48.0
48.0
48.0
37.0
48.0
48.0
37.0
48.0
47.0
48.0
48.0
48.0
45.0
48.0
48.0
47.0
48.0
48.0
48.0
48.0
48.0
46.0
48.0
37.0
28.5
44.5
48.0
48.0
46.25
48.0
48.0
48.0
48.0
48.0
45.75
39.75
48.0
48.0
48.0
48.0
48.0
48.0
36.25
36.0
33.0
38.0
46.25
48.0
37.0
34.0
48.0
40.0
48.0
41.0
35.0
47.0
40.0
48.0
47.75
42.75
48.0
48.0
48.0
48.0
48.0
48.0
48.0
48.0
48.0
48.0
48.0
46.75
43.0
48.0
48.0
34.0
48.0
48.0
48.0
48.0
48.0
48.0
48.0
48.0
48.0
48.0
48.0
48.0
48.0
40.0
48.0
48.0
48.0
48.0
48.0
48.0
48.0
48.0
48.0
45.0
41.5
44.5
46.75
48.0
48.0
48.0
47.5
45.25
48.0
48.0
48.0
36.25
48.0
48.0
44.75
48.0
48.0
41.0
48.0
42.0
48.0
48.0
47.0
48.0
39.0
48.0
48.0
34.0
48.0
48.0
46.0
48.0
48.0
46.75
48.0
40.0
48.0
37.0
48.0
48.0
48.0
48.0
48.0
48.0
48.0
48.0
46.25
48.0
38.0
46.0
48.0
48.0
46.0
48.0
48.0
44.75
44.0
48.0
48.0
48.0
48.0
48.0
48.0
48.0
48.0
38.75
48.0
48.0
48.0
46.5
48.0
48.0
48.0
48.0
48.0
48.0
48.0
48.0
48.0
47.5
48.0
48.0
48.0
48.0
48.0
48.0
48.0
46.25
48.0
48.0
48.0
38.0
48.0
48.0
48.0
48.0
45.75
36.75
48.0
48.0
47.25
42.0
48.0
44.25
38.0
47.75
48.0
36.0
36.0
48.0
44.25
48.0
48.0
48.0
48.0
29.0
48.0
48.0
48.0
48.0
34.0
42.25
48.0
39.0
48.0
48.0
39.5
41.25
39.25
48.0
48.0
44.25
32.5
48.0
40.0
34.5
48.0
42.0
48.0
40.5
41.0
48.0
48.0
44.5
39.0
48.0
48.0
41.25
39.5
43.5
45.0
44.0
48.0
40.0
38.5
48.0
42.0
48.0
48.0
34.0
34.75
42.0
36.0
48.0
48.0
48.0
48.0
45.5
46.75
40.0
42.0
48.0
48.0
48.0
41.75
35.0
48.0
41.75
36.0
43.0
41.5
47.5
48.0
48.0
37.0
34.75
48.0
38.0
38.0
37.5
35.25
36.0
48.0
48.0
42.5
33.0
48.0
48.0
45.5
43.0
37.0
33.75
48.0
34.5
48.0
39.0
48.0
39.25
35.0
35.0
39.0
33.0
46.25
40.0
48.0
45.0
37.0
46.0
37.25
48.0
30.0
43.5
39.0
35.25
36.25
38.0
48.0
47.5
47.5
42.75
41.5
37.0
37.25
47.0
30.0
35.5
40.0
35.75
43.0
48.0
44.0
37.0
45.0
48.0
23.5
44.0
38.0
36.0
44.0
33.75
37.0
41.5
47.0
45.5
35.0
44.5
40.5
48.0
47.5
34.0
45.25
46.0
39.0
36.0
39.0
31.75
48.0
48.0
38.75
35.0
39.5
42.75
48.0
39.5
36.0
42.0
48.0
46.0
40.25
38.0
35.75
46.5
48.0
41.5
42.5
48.0
39.75
38.5
44.5
48.0
42.0
48.0
48.0
38.0
48.0
48.0
48.0
36.75
45.0
42.25
37.75
48.0
48.0
48.0
48.0
32.0
42.5
35.75
48.0
40.5
38.75
48.0
48.0
48.0
44.0
46.0
48.0
48.0
36.75
37.0
40.0
48.0
43.5
48.0
48.0
35.0
48.0
39.0
42.5
48.0
48.0
48.0
48.0
48.0
40.0
48.0
35.75
48.0
37.0
48.0
46.75
46.25
44.5
45.5
39.0
45.75
48.0
36.0
47.0
46.5
41.0
45.0
46.75
40.75
35.0
45.0
42.0
37.0
45.75
37.0
37.0
41.0
38.25
45.5
28.25
37.0
38.75
40.75
46.0
36.25
46.75
46.0
36.0
35.0
36.0
38.0
44.5
39.75
48.0
41.25
37.75
48.0
44.0
41.75
38.25
40.0
43.5
36.0
41.75
38.0
44.0
40.25
45.75
48.0
38.75
48.0
45.25
39.5
37.0
48.0
39.75
37.5
40.5
40.0
48.0
37.0
48.0
40.0
38.0
36.5
39.0
34.25
34.0
37.0
40.25
39.5
48.0
35.0
43.5
48.0
34.75
36.0
37.75
39.75
48.0
39.5
36.0
40.25
40.0
36.0
48.0
39.0
34.75
39.0
37.0
38.0
39.5
43.75
39.0
38.25
48.0
48.0
35.5
45.75
37.5
39.0
48.0
34.5
44.0
36.75
42.0
44.5
48.0
48.0
39.0
45.75
45.0
48.0
40.5
48.0
38.75
38.75
40.0
48.0
40.75
39.0
44.5
40.5
37.0
48.0
46.5
46.0
41.75
39.0
48.0
37.5
48.0
48.0
45.75
48.0
42.25
36.5
36.0
37.0
38.0
48.0
43.5
43.5
48.0
48.0
39.0
48.0
48.0
48.0
44.5
48.0
48.0
42.0
42.75
35.5
43.0
48.0
48.0
35.25
42.0
48.0
48.0
48.0
41.5
38.0
48.0
48.0
48.0
38.5
45.75
45.75
48.0
38.75
37.75
48.0
31.5
38.0
33.5
44.25
39.0
45.75
45.75
48.0
48.0
43.75
48.0
48.0
34.25
44.0
39.0
35.75
46.5
46.25
37.75
36.0
38.0
48.0
36.0
39.0
44.0
34.0
48.0
48.0
48.0
37.0
48.0
48.0
48.0
37.5
45.5
46.5
44.5
48.0
39.0
37.0
38.0
45.25
40.0
38.0
45.5
32.5
35.0
40.0
48.0
41.0
48.0
43.0
39.0
48.0
46.0
48.0
39.0
48.0
48.0
48.0
39.0
38.75
48.0
48.0
39.0
41.0
48.0
45.75
45.5
37.0
48.0
38.0
48.0
48.0
47.0
48.0
48.0
43.5
39.0
41.5
48.0
43.5
48.0
39.0
48.0
48.0
37.0
38.0
48.0
39.75
48.0
48.0
42.0
41.75
38.5
46.0
48.0
38.0
34.5
48.0
37.0
48.0
48.0
41.75
39.0
46.0
36.0
45.5
37.0
48.0
48.0
36.75
48.0
48.0
37.5
40.5
48.0
37.0
36.25
46.0
48.0
48.0
48.0
48.0
39.5
48.0
46.25
48.0
38.0
48.0
48.0
46.0
41.0
48.0
48.0
43.5
48.0
48.0
38.0
46.0
48.0
36.0
44.5
48.0
38.75
48.0
48.0
46.0
48.0
48.0
43.0
43.5
48.0
42.0
48.0
48.0
48.0
47.75
41.0
40.0
48.0
48.0
48.0
48.0
45.0
44.25
40.0
43.0
40.5
48.0
45.25
45.75
48.0
48.0
40.0
48.0
36.0
43.75
48.0
42.0
48.0
48.0
48.0
41.0
38.75
41.5
48.0
48.0
48.0
48.0
38.75
48.0
48.0
48.0
48.0
48.0
37.5
48.0
48.0
48.0
39.5
42.75
48.0
46.5
41.5
47.5
48.0
37.0
36.0
48.0
42.75
48.0
48.0
48.0
48.0
48.0
48.0
39.0
48.0
45.25
48.0
48.0
48.0
48.0
42.0
37.0
48.0
48.0
42.0
42.0
45.5
48.0
36.75
48.0
48.0
46.25
39.0
48.0
48.0
48.0
39.0
46.25
48.0
39.75
42.0
40.5
38.5
41.25
47.0
48.0
37.5
48.0
40.0
41.0
37.0
48.0
38.0
38.0
48.0
40.5
41.0
37.0
42.0
45.75
48.0
48.0
48.0
36.0
48.0
48.0
46.0
48.0
48.0
48.0
48.0
48.0
40.75
40.0
36.25
37.75
35.0
48.0
48.0
40.0
42.0
38.5
39.75
48.0
48.0
48.0
48.0
45.5
48.0
48.0
48.0
48.0
48.0
48.0
44.0
38.0
35.0
47.5
41.0
36.0
48.0
48.0
48.0
36.0
48.0
48.0
45.25
48.0
41.0
43.5
38.0
44.0
48.0
37.0
48.0
42.0
38.0
37.75
41.0
37.0
48.0
41.0
48.0
38.0
36.25
38.0
39.25
35.0
35.0
43.0
48.0
34.5
35.25
48.0
48.0
48.0
32.75
48.0
32.5
43.0
37.75
48.0
43.25
48.0
48.0
48.0
48.0
39.0
48.0
44.75
42.0
48.0
48.0
47.0
48.0
48.0
48.0
48.0
48.0
48.0
48.0
48.0
48.0
33.0
48.0
34.0
48.0
37.0
48.0
48.0
48.0
48.0
38.0
38.75
41.25
48.0
48.0
48.0
48.0
35.75
48.0
41.0
38.5
48.0
48.0
36.75
37.0
38.0
45.0
43.0
32.75
48.0
48.0
48.0
48.0
37.5
40.0
48.0
48.0
48.0
48.0
48.0
48.0
48.0
33.5
37.0
46.5
48.0
48.0
41.25
38.5
36.0
31.0
43.5
48.0
48.0
48.0
37.75
41.25
38.0
34.5
35.0
48.0
48.0
48.0
48.0
48.0
37.0
48.0
38.0
42.75
48.0
35.75
39.25
37.0
48.0
48.0
35.0
48.0
36.0
48.0
35.0
37.25
48.0
45.25
48.0
43.0
38.0
41.25
48.0
48.0
37.0
41.5
38.0
48.0
37.5
41.0
40.0
48.0
40.0
43.75
38.75
34.5
48.0
39.25
48.0
36.5
35.75
22.0
48.0
37.0
44.0
37.25
38.5
48.0
48.0
45.0
34.5
48.0
48.0
48.0
48.0
48.0
39.5
48.0
34.0
48.0
48.0
48.0
48.0
33.25
41.0
43.0
39.25
41.25
40.0
48.0
40.5
34.75
48.0
48.0
48.0
40.0
36.25
48.0
36.25
40.0
48.0
48.0
48.0
33.0
40.5
44.0
42.0
38.5
48.0
43.5
48.0
48.0
48.0
32.25
48.0
38.0
37.5
36.25
48.0
38.0
43.5
48.0
42.75
39.0
40.25
37.25
48.0
48.0
48.0
48.0
37.5
48.0
48.0
37.25
39.75
44.0
39.5
37.25
37.5
48.0
39.0
35.0
48.0
48.0
48.0
35.5
48.0
48.0
48.0
48.0
48.0
39.0
43.5
38.75
37.0
35.75
36.0
37.0
39.5
36.75
37.0
37.5
48.0
35.0
48.0
43.0
48.0
48.0
38.5
48.0
47.0
43.0
48.0
36.25
46.5
41.25
38.0
37.0
37.5
37.0
35.25
38.0
43.0
48.0
48.0
48.0
41.25
48.0
48.0
48.0
46.0
48.0
42.0
48.0
39.0
42.0
40.5
48.0
41.5
38.25
34.5
37.0
40.5
34.0
42.75
37.25
48.0
35.5
48.0
37.25
39.5
48.0
48.0
48.0
40.0
48.0
48.0
45.0
42.0
48.0
39.25
48.0
44.0
43.5
48.0
40.0
48.0
41.0
48.0
39.0
48.0
37.0
48.0
36.5
42.75
42.0
36.5
39.5
40.5
48.0
48.0
45.75
44.0
36.25
39.0
32.0
34.5
37.0
48.0
42.5
34.0
39.0
37.25
37.0
40.5
46.5
39.25
33.75
45.5
34.0
37.25
48.0
46.5
37.0
39.25
39.75
48.0
40.0
41.25
37.0
48.0
34.5
48.0
36.0
35.5
39.75
38.0
44.25
48.0
48.0
48.0
40.5
48.0
39.75
48.0
48.0
36.0
35.5
48.0
36.5
48.0
43.25
48.0
44.0
48.0
43.0
43.0
37.0
48.0
48.0
48.0
48.0
39.25
48.0
48.0
48.0
41.25
48.0
48.0
43.5
34.0
48.0
39.0
48.0
48.0
38.5
39.25
37.0
38.5
43.5
45.75
40.5
38.0
48.0
41.25
48.0
38.25
48.0
48.0
48.0
38.75
39.0
48.0
37.5
48.0
42.0
48.0
35.5
48.0
34.5
37.25
48.0
48.0
48.0
48.0
43.0
48.0
44.25
33.5
36.25
48.0
48.0
48.0
34.5
40.0
48.0
41.25
48.0
38.5
48.0
46.0
48.0
33.0
45.5
36.0
48.0
48.0
48.0
41.0
48.0
35.0
36.5
48.0
48.0
48.0
38.0
37.5
48.0
32.0
44.0
42.0
48.0
48.0
35.0
48.0
48.0
37.25
43.5
36.5
48.0
44.0
38.0
48.0
36.0
36.75
48.0
42.75
38.0
32.0
41.0
34.75
44.0
35.5
43.0
40.25
33.5
40.75
35.5
43.5
34.0
36.0
38.5
43.0
39.0
36.0
40.0
41.0
31.75
38.0
36.5
37.0
28.5
33.0
36.75
37.0
32.0
30.0
34.0
34.0
34.0
34.75
34.0
29.0
35.0
34.75
39.0
37.25
31.75
35.5
48.0
42.0
20.75
36.0
40.25
41.0
32.75
34.5
38.5
33.0
35.25
35.5
37.0
37.0
28.5
48.0
35.0
34.0
31.25
37.75
38.0
35.5
48.0
48.0
39.25
40.5
48.0
39.0
35.0
32.0
35.0
41.75
36.25
37.5
48.0
45.0
41.0
37.0
45.75
39.5
36.5
48.0
39.5
42.0
37.5
43.5
36.5
39.25
33.0
41.5
36.5
33.75
37.0
35.0
48.0
48.0
39.0
48.0
43.5
48.0
48.0
48.0
37.5
38.75
33.0
35.25
37.0
43.0
37.75
39.0
38.5
34.5
44.5
37.5
34.5
43.5
33.5
40.5
48.0
38.75
38.0
48.0
34.25
48.0
48.0
37.5
41.5
33.0
44.5
48.0
48.0
48.0
42.0
35.0
48.0
38.0
36.0
48.0
35.5
39.5
36.0
37.0
40.25
35.5
38.0
37.0
31.0
44.25
36.5
48.0
37.5
48.0
35.0
48.0
48.0
38.5
48.0
39.0
40.0
43.5
48.0
48.0
40.5
35.0
36.5
48.0
45.0
48.0
46.0
42.5
48.0
35.0
36.5
48.0
37.0
48.0
35.0
35.75
40.5
48.0
48.0
40.5
40.5
34.75
48.0
45.5
39.5
42.0
48.0
48.0
37.75
40.25
35.5
48.0
34.0
38.75
48.0
43.25
36.5
35.5
38.75
38.0
48.0
48.0
48.0
42.0
36.5
48.0
39.0
48.0
48.0
36.25
44.25
48.0
43.5
35.25
39.0
45.5
48.0
36.0
48.0
37.25
43.0
48.0
48.0
48.0
48.0
48.0
46.75
48.0
42.75
48.0
48.0
48.0
48.0
48.0
48.0
48.0
48.0
43.5
48.0
48.0
43.0
48.0
48.0
48.0
44.0
48.0
48.0
40.5
42.0
48.0
38.5
44.0
48.0
40.25
35.0
48.0
38.25
42.0
48.0
42.0
41.25
37.5
38.5
48.0
48.0
37.75
48.0
48.0
48.0
35.5
35.5
40.0
37.75
40.5
48.0
45.75
36.5
38.25
48.0
48.0
34.5
37.75
36.0
42.0
48.0
48.0
45.75
37.75
40.0
39.25
48.0
48.0
46.0
48.0
37.0
48.0
36.0
48.0
48.0
48.0
45.0
36.75
37.0
45.0
41.0
48.0
44.5
39.5
36.0
39.0
48.0
43.5
38.0
36.0
48.0
40.0
48.0
45.0
37.5
34.5
37.0
41.5
42.0
40.5
42.5
48.0
41.25
38.5
48.0
39.0
48.0
43.5
48.0
35.0
48.0
40.0
48.0
36.0
40.5
48.0
40.0
42.0
42.0
45.0
37.5
34.5
48.0
38.0
36.5
48.0
48.0
39.5
39.0
34.75
48.0
41.0
36.75
39.25
42.75
38.5
39.5
48.0
34.0
48.0
48.0
48.0
48.0
40.5
48.0
43.0
48.0
48.0
48.0
43.5
48.0
45.0
37.0
48.0
36.0
48.0
48.0
37.0
43.0
40.5
48.0
48.0
48.0
43.5
34.0
48.0
45.75
48.0
42.0
35.0
48.0
41.0
48.0
37.5
41.0
48.0
46.25
48.0
48.0
35.5
48.0
40.0
39.5
33.0
38.5
48.0
44.5
34.0
48.0
48.0
48.0
30.5
48.0
35.0
39.5
46.0
42.0
48.0
40.5
38.0
42.0
35.0
43.5
36.5
37.25
35.5
38.5
48.0
36.5
38.5
37.0
48.0
38.0
38.0
37.5
48.0
41.25
46.0
35.0
44.25
48.0
35.5
44.5
48.0
48.0
48.0
36.75
35.5
36.5
35.75
48.0
41.25
34.75
48.0
48.0
48.0
41.0
48.0
37.5
44.5
45.5
36.5
39.75
48.0
33.5
34.5
48.0
41.5
42.5
37.0
41.0
48.0
48.0
38.5
43.0
41.0
48.0
48.0
48.0
48.0
38.0
48.0
40.5
36.0
48.0
48.0
40.5
41.25
48.0
48.0
48.0
37.5
48.0
36.0
36.75
44.0
48.0
33.5
32.75
35.75
45.0
42.5
40.5
34.0
48.0
32.0
48.0
48.0
36.0
45.0
43.5
19.0
48.0
37.5
44.0
48.0
38.0
33.25
40.0
37.25
42.5
38.5
37.0
37.75
48.0
42.0
48.0
34.75
48.0
46.0
43.0
43.5
35.0
39.0
36.25
33.5
34.0
41.0
48.0
38.5
46.0
42.0
46.75
36.0
35.0
34.0
48.0
31.0
34.0
44.0
46.0
44.5
38.0
36.0
47.25
48.0
44.0
37.0
44.0
37.5
48.0
43.5
35.0
37.75
43.5
40.0
48.0
31.0
33.5
39.0
36.25
38.5
36.5
35.5
41.25
37.5
36.75
33.0
36.5
44.25
37.0
33.75
46.5
43.5
40.0
35.0
35.75
33.5
35.0
37.5
45.25
42.0
48.0
33.75
48.0
39.25
48.0
34.0
37.0
48.0
39.25
48.0
39.5
38.25
48.0
45.0
38.0
44.0
48.0
40.25
37.0
46.5
41.0
37.5
43.5
48.0
36.0
44.25
48.0
36.75
47.0
48.0
42.0
34.25
42.0
37.5
45.5
48.0
48.0
45.5
46.5
39.5
43.25
48.0
34.0
37.25
42.75
48.0
48.0
34.0
42.0
48.0
48.0
24.25
39.0
48.0
43.5
48.0
35.75
37.0
38.0
45.5
37.0
42.5
20.0
27.75
37.25
39.0
42.0
45.75
48.0
39.0
39.5
40.0
35.0
37.5
38.0
41.25
44.0
43.5
38.0
40.0
48.0
48.0
48.0
42.0
37.0
36.75
39.5
48.0
48.0
48.0
39.0
48.0
48.0
23.0
48.0
38.0
44.0
37.5
42.0
41.0
46.5
35.0
48.0
37.25
43.5
40.0
45.0
36.75
44.5
41.25
48.0
33.75
48.0
40.5
39.5
45.75
33.75
48.0
48.0
48.0
42.5
48.0
36.0
48.0
40.0
36.0
48.0
48.0
48.0
43.5
45.0
32.5
48.0
36.0
48.0
44.25
43.0
36.0
48.0
48.0
38.5
48.0
42.0
48.0
33.75
38.25
45.0
42.0
44.25
48.0
42.75
48.0
35.0
48.0
41.5
36.0
48.0
40.0
48.0
39.0
48.0
37.5
48.0
48.0
41.25
48.0
34.75
38.5
37.5
40.5
46.5
48.0
42.5
48.0
42.5
43.0
36.25
48.0
35.0
35.0
38.0
48.0
35.0
41.5
42.75
48.0
34.0
48.0
38.75
48.0
42.0
45.0
42.5
44.0
36.75
48.0
44.0
48.0
35.25
19.75
38.25
37.5
36.0
42.5
48.0
40.5
46.5
32.0
48.0
36.5
37.75
26.5
33.0
48.0
37.0
48.0
45.75
34.0
45.5
43.5
45.0
48.0
38.0
42.5
48.0
48.0
38.75
40.5
48.0
38.0
48.0
38.5
42.0
37.25
48.0
35.25
38.25
38.5
35.0
48.0
48.0
48.0
33.5
48.0
48.0
48.0
38.5
48.0
48.0
40.75
48.0
43.5
35.5
39.0
46.0
41.5
48.0
35.75
42.75
45.75
43.5
48.0
43.0
48.0
48.0
38.5
48.0
48.0
48.0
48.0
41.0
39.0
34.75
48.0
36.0
48.0
48.0
42.0
36.5
35.0
48.0
36.5
44.0
43.75
48.0
44.5
48.0
45.75
36.5
48.0
37.5
48.0
35.75
33.0
41.5
43.0
39.0
40.5
48.0
48.0
48.0
41.25
36.0
39.0
43.0
33.0
42.5
48.0
42.0
38.5
35.75
48.0
44.5
48.0
40.5
39.75
48.0
35.25
48.0
48.0
35.5
37.5
37.0
38.0
37.0
42.5
41.25
48.0
43.0
45.0
48.0
38.5
34.75
48.0
41.5
41.0
39.0
48.0
39.5
48.0
37.5
42.0
45.0
38.75
48.0
37.0
48.0
48.0
45.0
39.5
45.5
40.0
45.5
45.0
35.0
41.5
48.0
39.5
37.0
48.0
48.0
48.0
48.0
39.75
48.0
37.0
48.0
48.0
48.0
34.0
48.0
44.25
37.25
41.25
42.5
48.0
48.0
48.0
40.5
48.0
41.25
48.0
44.0
48.0
48.0
48.0
48.0
48.0
48.0
48.0
37.5
48.0
48.0
23.0
44.25
43.5
41.0
48.0
48.0
36.0
36.75
48.0
48.0
48.0
48.0
48.0
48.0
39.25
48.0
38.75
40.5
48.0
44.5
43.0
43.5
48.0
44.5
42.75
42.0
48.0
36.0
39.5
48.0
48.0
48.0
35.5
40.0
47.25
39.5
48.0
38.0
48.0
40.25
43.5
33.25
45.0
48.0
48.0
48.0
48.0
40.5
42.25
48.0
41.75
48.0
48.0
40.5
36.0
44.5
48.0
38.5
33.0
43.0
48.0
27.5
40.0
41.25
45.0
48.0
48.0
39.5
48.0
48.0
42.0
48.0
48.0
41.0
48.0
37.0
38.0
41.0
48.0
39.0
48.0
48.0
48.0
48.0
48.0
48.0
42.0
41.5
43.5
42.5
43.25
39.5
32.5
42.75
48.0
48.0
44.25
40.0
48.0
48.0
48.0
39.25
48.0
36.25
48.0
48.0
48.0
48.0
48.0
48.0
48.0
48.0
48.0
48.0
48.0
48.0
48.0
48.0
46.0
35.0
48.0
44.5
41.25
48.0
36.0
48.0
48.0
48.0
48.0
48.0
48.0
41.25
39.5
43.0
48.0
41.5
36.5
45.5
48.0
48.0
48.0
41.0
48.0
48.0
48.0
45.0
48.0
48.0
46.0
42.0
48.0
48.0
39.5
37.5
48.0
48.0
48.0
48.0
33.5
48.0
48.0
39.25
48.0
33.25
48.0
46.5
44.5
48.0
32.75
48.0
48.0
48.0
48.0
48.0
37.5
43.5
45.5
48.0
48.0
39.0
34.25
46.75
39.0
37.5
38.0
41.5
48.0
45.0
45.0
48.0
48.0
48.0
48.0
43.5
48.0
48.0
48.0
35.0
37.5
43.0
41.0
38.5
42.75
36.0
38.0
39.75
48.0
36.0
39.5
40.0
48.0
48.0
39.5
43.0
33.0
48.0
36.0
39.0
45.0
34.5
48.0
38.0
36.0
43.5
38.0
48.0
48.0
48.0
48.0
48.0
44.25
36.75
35.75
37.0
48.0
37.5
36.5
48.0
48.0
48.0
34.0
48.0
48.0
32.0
48.0
42.75
41.25
41.0
29.0
48.0
48.0
48.0
25.0
38.0
48.0
38.5
33.25
36.0
44.25
42.0
48.0
34.0
39.5
44.5
36.0
36.0
44.0
42.0
38.75
34.5
35.75
42.5
38.5
38.0
39.5
48.0
36.0
48.0
35.0
40.25
40.75
48.0
48.0
36.5
36.0
48.0
48.0
37.75
44.0
39.0
41.25
45.0
48.0
48.0
42.0
31.0
35.75
33.25
48.0
46.0
48.0
39.0
48.0
38.0
43.5
39.0
40.0
36.75
39.0
48.0
48.0
48.0
39.5
48.0
46.5
25.25
36.5
45.0
48.0
38.75
38.5
48.0
40.0
36.25
44.5
48.0
45.0
31.0
39.0
34.25
42.25
39.25
48.0
38.0
37.75
39.0
48.0
38.0
37.0
36.5
35.0
39.0
34.0
37.0
48.0
38.5
41.0
35.5
42.25
35.5
41.0
35.0
37.5
38.75
48.0
21.0
24.5
39.5
36.5
38.0
38.0
48.0
39.25
41.5
48.0
48.0
38.25
38.75
44.5
36.0
36.5
38.0
48.0
43.75
34.75
30.0
38.75
36.0
33.0
36.0
37.5
42.0
38.75
37.5
31.5
48.0
34.25
34.5
43.0
43.0
33.5
43.0
43.5
48.0
38.75
43.0
38.0
36.0
37.5
48.0
48.0
39.0
46.25
48.0
37.25
37.0
40.0
41.5
37.25
48.0
48.0
48.0
48.0
39.75
46.25
48.0
48.0
39.0
48.0
35.0
41.0
48.0
20.75
35.0
48.0
48.0
42.0
37.75
37.75
48.0
48.0
47.0
41.0
32.75
39.0
48.0
37.0
41.0
43.0
42.0
35.0
36.0
40.5
48.0
37.75
36.0
48.0
40.0
37.75
34.75
41.0
39.75
39.0
37.0
38.5
48.0
48.0
35.0
36.0
36.0
46.5
48.0
34.5
38.0
37.0
48.0
48.0
48.0
33.0
48.0
37.75
48.0
48.0
38.0
48.0
48.0
48.0
48.0
33.0
36.0
40.0
48.0
48.0
48.0
38.0
27.0
43.0
44.5
34.25
48.0
41.5
37.5
36.0
39.0
37.5
35.75
41.0
34.0
38.25
40.25
48.0
40.75
43.0
33.25
29.5
48.0
42.25
41.0
35.25
35.75
34.5
35.5
48.0
44.0
48.0
46.5
37.0
38.25
48.0
25.75
36.0
38.0
48.0
35.75
48.0
37.25
48.0
35.0
46.5
43.0
37.0
31.5
48.0
32.5
35.0
36.0
39.0
32.5
37.5
48.0
37.25
37.0
39.0
47.0
48.0
38.0
40.5
35.0
48.0
45.0
41.0
39.0
37.5
36.0
48.0
38.25
40.5
35.25
39.75
36.5
44.5
43.0
30.25
48.0
48.0
40.0
38.0
37.25
40.0
38.0
44.25
37.25
48.0
48.0
33.75
34.75
26.5
38.0
48.0
48.0
48.0
44.0
35.75
38.0
37.75
40.0
48.0
36.75
36.75
48.0
48.0
39.0
48.0
48.0
48.0
42.0
41.25
41.75
37.75
48.0
36.0
42.0
48.0
48.0
46.25
32.0
45.0
35.0
48.0
48.0
33.75
48.0
48.0
48.0
48.0
45.5
41.75
37.0
37.75
43.0
35.25
48.0
36.0
45.25
43.5
48.0
37.0
38.0
45.0
46.0
38.0
48.0
48.0
35.5
41.0
39.5
40.5
48.0
43.0
36.0
39.0
48.0
40.0
35.0
40.0
37.5
34.0
48.0
48.0
33.75
48.0
34.5
40.25
44.5
25.5
33.75
33.25
33.0
48.0
29.0
48.0
48.0
48.0
48.0
38.0
36.5
37.5
44.75
46.0
37.0
40.0
31.0
48.0
35.25
44.75
48.0
39.5
48.0
48.0
38.0
39.5
35.0
34.0
45.5
24.75
48.0
48.0
48.0
35.75
35.0
36.0
41.25
38.25
48.0
45.5
48.0
41.0
48.0
45.25
36.0
37.0
42.0
39.5
45.0
34.75
41.0
36.0
34.0
48.0
38.0
37.5
41.25
40.0
41.5
43.0
41.25
46.0
31.5
35.0
46.5
36.25
31.0
45.5
41.5
48.0
41.25
42.75
35.0
48.0
39.0
36.0
44.0
39.5
48.0
45.0
39.0
36.5
41.0
47.5
36.5
37.5
48.0
37.0
29.0
44.0
48.0
38.25
36.75
48.0
37.0
48.0
37.75
48.0
48.0
41.5
48.0
34.0
44.25
42.5
36.0
48.0
48.0
40.25
34.0
36.5
48.0
43.25
48.0
46.5
45.0
42.5
48.0
48.0
48.0
29.0
37.5
32.0
38.5
48.0
25.0
36.75
33.0
38.75
34.5
34.5
39.5
48.0
38.5
43.0
37.0
25.5
44.0
29.0
45.0
35.0
33.25
38.5
35.0
48.0
44.0
35.75
37.0
38.75
48.0
37.75
37.75
38.0
33.5
40.75
42.75
42.25
48.0
48.0
48.0
48.0
45.75
41.25
46.5
39.0
35.0
42.5
48.0
48.0
39.5
25.5
48.0
48.0
48.0
33.25
33.75
48.0
37.0
48.0
48.0
37.5
43.75
48.0
47.0
48.0
36.5
38.75
48.0
38.5
33.0
48.0
36.0
35.5
36.5
39.0
34.0
37.0
46.75
48.0
35.0
48.0
39.0
48.0
38.0
41.5
35.0
38.5
42.5
41.0
36.0
48.0
48.0
39.5
36.0
35.5
48.0
36.75
40.5
32.0
42.0
40.75
36.75
36.0
21.5
39.25
47.25
31.0
48.0
37.0
48.0
36.0
41.0
37.0
40.25
37.0
46.5
35.0
36.0
48.0
34.75
44.5
39.75
36.5
42.0
35.75
35.0
48.0
48.0
48.0
38.5
36.25
37.5
48.0
45.25
35.25
44.25
41.75
41.75
34.0
22.5
39.0
39.75
45.0
36.75
45.75
34.0
47.5
40.0
32.0
22.5
48.0
36.0
42.5
35.0
35.0
48.0
43.5
37.0
44.0
48.0
48.0
37.0
40.0
48.0
38.0
48.0
41.0
38.0
48.0
41.0
28.5
37.75
28.0
40.5
33.25
40.0
37.5
46.5
24.0
37.5
26.0
34.0
37.75
37.0
42.0
34.5
36.0
41.0
37.5
39.5
34.75
40.0
38.0
36.25
37.0
36.75
48.0
31.5
31.75
37.0
48.0
37.5
37.0
46.75
48.0
48.0
48.0
42.0
37.5
38.25
48.0
37.5
43.75
36.5
40.0
42.0
38.0
48.0
39.0
48.0
48.0
48.0
48.0
48.0
35.0
33.0
48.0
36.0
32.5
26.0
41.0
36.5
34.0
48.0
48.0
46.5
26.0
30.5
39.0
45.5
27.5
29.5
31.0
39.25
33.25
27.0
35.0
35.75
32.25
38.0
34.0
39.0
35.0
45.5
38.5
48.0
37.0
35.5
36.0
48.0
32.25
42.0
30.75
21.75
39.0
33.5
34.0
41.5
42.0
45.0
34.0
48.0
33.5
38.0
38.25
34.25
40.5
45.0
37.25
24.25
40.5
36.0
33.25
34.25
45.0
47.25
39.0
47.5
48.0
39.0
48.0
33.75
34.75
39.5
40.0
32.5
37.0
48.0
33.0
26.0
48.0
42.5
44.5
48.0
38.0
42.75
24.5
33.0
39.0
48.0
48.0
35.0
39.0
48.0
38.0
39.5
43.5
