5.83125
7.319148936170213
5.446428571428571
6.363636363636363
6.3355263157894735
5.763975155279503
5.674846625766871
5.191860465116279
6.489932885906041
5.695121951219512
6.409090909090909
5.968944099378882
7.048275862068966
5.931677018633541
7.22463768115942
7.180555555555555
6.352941176470588
6.617449664429531
6.91156462585034
7.458646616541353
6.13375796178344
6.835616438356165
6.5855263157894735
7.2086330935251794
6.601351351351352
5.658385093167702
6.108974358974359
6.391891891891892
6.843537414965986
7.37956204379562
6.48
6.557823129251701
6.758620689655173
5.7439024390243905
6.246666666666667
6.950354609929078
6.394557823129252
6.375838926174497
7.335766423357664
6.2631578947368425
5.856209150326797
6.209150326797386
6.220779220779221
6.786206896551724
6.342281879194631
5.894409937888199
7.54014598540146
6.723404255319149
6.7465753424657535
6.524137931034483
7.153284671532846
7.94488188976378
7.462686567164179
6.513698630136986
7.887218045112782
6.793103448275862
6.7622377622377625
7.515151515151516
7.248175182481752
6.695035460992908
7.388059701492537
6.914285714285715
6.978102189781022
7.976923076923077
6.777777777777778
7.174242424242424
7.117647058823529
8.563025210084033
7.953488372093023
7.162962962962963
6.857142857142857
7.656488549618321
7.622047244094488
6.889705882352941
6.655172413793103
8.064
7.896825396825397
8.556521739130435
6.884892086330935
9.26126126126126
7.484615384615385
7.801587301587301
7.928
8.080645161290322
7.59375
9.455357142857142
9.11504424778761
9.63551401869159
8.016528925619834
6.9037037037037035
8.427350427350428
7.939655172413793
9.436893203883495
8.556521739130435
8.175438596491228
9.656862745098039
7.794871794871795
9.17142857142857
9.739583333333334
8.701923076923077
9.018691588785046
12.08860759493671
10.202127659574469
10.186813186813186
9.659574468085106
10.730337078651685
11.178571428571429
9.6
11.935897435897436
10.0
11.468354430379748
12.112676056338028
10.753246753246753
12.55072463768116
9.939024390243903
13.34375
13.929824561403509
12.014285714285714
14.214285714285714
14.285714285714286
12.698412698412698
11.850746268656716
14.275862068965518
14.666666666666666
14.508771929824562
15.830188679245284
16.16
15.294117647058824
15.745098039215685
13.0
16.652173913043477
13.727272727272727
16.82608695652174
16.108695652173914
14.958333333333334
13.615384615384615
15.416666666666666
17.86046511627907
16.46511627906977
15.977777777777778
20.470588235294116
16.209302325581394
19.10810810810811
21.09375
19.441176470588236
18.08108108108108
20.87878787878788
19.393939393939394
19.677419354838708
24.037037037037038
21.413793103448278
23.833333333333332
21.633333333333333
20.65625
25.782608695652176
27.08695652173913
22.925925925925927
21.75
23.51851851851852
22.344827586206897
28.772727272727273
21.571428571428573
23.76923076923077
22.074074074074073
27.136363636363637
25.82608695652174
30.63157894736842
22.115384615384617
34.705882352941174
31.0
28.80952380952381
29.473684210526315
40.53846153846154
24.208333333333332
33.666666666666664
26.227272727272727
25.0
32.388888888888886
29.94736842105263
31.11764705882353
28.05263157894737
33.86666666666667
28.72222222222222
34.5
34.25
28.65
33.13333333333333
31.1875
29.58823529411765
37.92307692307692
36.642857142857146
33.46666666666667
34.13333333333333
32.529411764705884
36.75
36.333333333333336
39.38461538461539
35.61538461538461
39.46153846153846
38.166666666666664
41.083333333333336
46.8
35.0
38.76923076923077
38.333333333333336
35.57142857142857
44.63636363636363
38.666666666666664
39.416666666666664
38.083333333333336
34.214285714285715
42.36363636363637
39.916666666666664
40.81818181818182
36.30769230769231
36.666666666666664
41.81818181818182
38.25
43.81818181818182
46.666666666666664
35.84615384615385
43.7
44.3
37.916666666666664
42.09090909090909
44.72727272727273
45.7
42.27272727272727
42.81818181818182
38.333333333333336
41.45454545454545
45.8
40.63636363636363
45.7
43.8
46.4
43.5
45.666666666666664
44.9
48.0
43.7
48.0
44.0
46.0
46.666666666666664
45.3
46.666666666666664
48.0
43.2
45.5
45.1
42.63636363636363
46.4
44.888888888888886
45.3
45.3
48.0
45.2
42.2
38.72727272727273
48.0
45.3
40.9
46.111111111111114
44.4
48.0
46.22222222222222
48.0
48.0
43.8
48.0
48.0
44.6
47.77777777777778
44.3
48.0
44.1
48.0
48.0
42.9
44.55555555555556
44.8
48.0
48.0
48.0
47.77777777777778
48.0
40.6
44.6
38.166666666666664
44.3
48.0
48.0
48.0
46.333333333333336
48.0
45.44444444444444
48.0
43.2
48.0
45.8
44.3
46.2
48.0
42.5
48.0
48.0
48.0
43.0
48.0
46.0
41.4
47.333333333333336
48.0
48.0
48.0
48.0
48.0
47.55555555555556
46.77777777777778
48.0
48.0
46.0
48.0
43.1
48.0
48.0
46.55555555555556
48.0
48.0
48.0
48.0
48.0
48.0
44.1
48.0
46.22222222222222
48.0
48.0
45.77777777777778
48.0
48.0
48.0
46.888888888888886
48.0
46.2
48.0
48.0
48.0
46.55555555555556
48.0
47.888888888888886
48.0
48.0
48.0
48.0
48.0
48.0
44.5
46.55555555555556
48.0
48.0
48.0
48.0
48.0
47.44444444444444
48.0
48.0
48.0
43.7
48.0
48.0
44.55555555555556
48.0
43.3
47.22222222222222
44.77777777777778
48.0
48.0
48.0
47.44444444444444
48.0
48.0
48.0
48.0
48.0
48.0
48.0
48.0
48.0
46.77777777777778
48.0
47.44444444444444
45.2
48.0
48.0
48.0
48.0
48.0
48.0
44.666666666666664
48.0
45.44444444444444
48.0
44.333333333333336
48.0
48.0
48.0
48.0
48.0
48.0
48.0
48.0
48.0
48.0
48.0
47.0
48.0
48.0
44.4
48.0
48.0
48.0
44.7
48.0
47.111111111111114
45.888888888888886
48.0
48.0
44.7
48.0
48.0
48.0
48.0
48.0
48.0
48.0
48.0
46.666666666666664
48.0
48.0
48.0
48.0
48.0
48.0
48.0
48.0
48.0
48.0
48.0
48.0
48.0
48.0
48.0
48.0
48.0
48.0
48.0
48.0
48.0
48.0
45.44444444444444
48.0
44.888888888888886
47.0
48.0
48.0
47.22222222222222
48.0
48.0
43.4
48.0
44.5
48.0
48.0
48.0
48.0
48.0
46.666666666666664
48.0
48.0
47.111111111111114
48.0
48.0
48.0
48.0
48.0
48.0
48.0
48.0
48.0
48.0
46.111111111111114
48.0
48.0
48.0
48.0
48.0
47.111111111111114
48.0
48.0
48.0
48.0
48.0
48.0
48.0
48.0
48.0
48.0
48.0
48.0
48.0
48.0
48.0
48.0
48.0
48.0
48.0
48.0
48.0
48.0
48.0
48.0
48.0
48.0
48.0
48.0
46.333333333333336
48.0
48.0
48.0
46.77777777777778
48.0
48.0
48.0
48.0
48.0
48.0
48.0
48.0
48.0
48.0
45.55555555555556
48.0
48.0
48.0
48.0
48.0
48.0
48.0
48.0
48.0
46.888888888888886
48.0
48.0
48.0
48.0
48.0
48.0
48.0
48.0
48.0
48.0
48.0
46.44444444444444
48.0
48.0
45.333333333333336
48.0
48.0
48.0
48.0
48.0
48.0
48.0
48.0
48.0
48.0
44.44444444444444
48.0
48.0
48.0
48.0
48.0
48.0
48.0
48.0
47.666666666666664
48.0
48.0
48.0
48.0
48.0
48.0
46.888888888888886
48.0
48.0
48.0
45.44444444444444
48.0
48.0
48.0
48.0
48.0
46.77777777777778
48.0
48.0
48.0
48.0
48.0
48.0
48.0
48.0
48.0
48.0
48.0
48.0
47.111111111111114
48.0
48.0
48.0
48.0
44.111111111111114
48.0
48.0
48.0
48.0
48.0
48.0
48.0
48.0
48.0
48.0
48.0
47.0
48.0
48.0
48.0
48.0
48.0
48.0
48.0
48.0
48.0
48.0
46.44444444444444
48.0
48.0
48.0
48.0
48.0
48.0
48.0
48.0
48.0
48.0
48.0
45.1
48.0
48.0
48.0
48.0
48.0
48.0
47.22222222222222
48.0
48.0
47.666666666666664
48.0
48.0
48.0
48.0
48.0
48.0
48.0
48.0
43.3
48.0
48.0
48.0
48.0
48.0
48.0
48.0
48.0
44.3
48.0
48.0
48.0
48.0
48.0
48.0
47.77777777777778
48.0
48.0
48.0
48.0
48.0
48.0
48.0
48.0
48.0
47.44444444444444
48.0
48.0
48.0
48.0
48.0
48.0
48.0
48.0
48.0
44.333333333333336
47.44444444444444
48.0
48.0
48.0
44.666666666666664
48.0
48.0
48.0
48.0
48.0
48.0
46.55555555555556
48.0
48.0
48.0
48.0
48.0
48.0
48.0
48.0
48.0
48.0
48.0
48.0
48.0
48.0
48.0
48.0
48.0
48.0
47.44444444444444
48.0
48.0
48.0
48.0
48.0
48.0
48.0
48.0
48.0
48.0
48.0
48.0
48.0
48.0
48.0
47.111111111111114
48.0
48.0
48.0
48.0
48.0
46.77777777777778
43.4
48.0
48.0
48.0
48.0
48.0
48.0
48.0
48.0
48.0
48.0
48.0
48.0
48.0
48.0
48.0
48.0
48.0
47.22222222222222
48.0
48.0
48.0
48.0
48.0
48.0
48.0
46.666666666666664
48.0
48.0
48.0
48.0
48.0
48.0
48.0
48.0
48.0
48.0
48.0
48.0
48.0
48.0
48.0
48.0
48.0
48.0
48.0
48.0
48.0
48.0
48.0
48.0
48.0
48.0
48.0
48.0
48.0
48.0
48.0
48.0
48.0
48.0
48.0
48.0
48.0
48.0
48.0
48.0
48.0
48.0
48.0
48.0
48.0
48.0
48.0
48.0
48.0
48.0
48.0
48.0
48.0
45.22222222222222
47.111111111111114
48.0
48.0
46.888888888888886
48.0
48.0
48.0
48.0
48.0
48.0
48.0
48.0
48.0
48.0
48.0
48.0
48.0
48.0
48.0
48.0
48.0
43.3
48.0
48.0
48.0
47.333333333333336
48.0
48.0
48.0
48.0
48.0
48.0
48.0
48.0
48.0
48.0
43.111111111111114
48.0
48.0
48.0
48.0
48.0
48.0
48.0
48.0
48.0
48.0
48.0
48.0
48.0
48.0
46.0
48.0
48.0
48.0
48.0
48.0
48.0
48.0
48.0
48.0
48.0
48.0
48.0
48.0
48.0
48.0
48.0
48.0
48.0
48.0
48.0
48.0
48.0
48.0
48.0
48.0
46.888888888888886
48.0
48.0
48.0
48.0
48.0
48.0
48.0
48.0
48.0
48.0
48.0
47.666666666666664
48.0
48.0
48.0
48.0
42.3
48.0
48.0
47.111111111111114
46.77777777777778
48.0
48.0
48.0
48.0
48.0
48.0
48.0
48.0
48.0
44.111111111111114
48.0
48.0
48.0
48.0
48.0
48.0
48.0
48.0
48.0
48.0
48.0
48.0
48.0
48.0
48.0
48.0
48.0
48.0
48.0
48.0
48.0
48.0
46.22222222222222
48.0
48.0
48.0
48.0
48.0
48.0
48.0
48.0
48.0
48.0
45.333333333333336
48.0
48.0
48.0
48.0
48.0
48.0
48.0
48.0
48.0
48.0
48.0
48.0
48.0
48.0
48.0
48.0
47.22222222222222
48.0
48.0
48.0
48.0
47.55555555555556
48.0
48.0
48.0
48.0
48.0
48.0
48.0
48.0
48.0
48.0
45.111111111111114
48.0
48.0
48.0
48.0
48.0
46.666666666666664
48.0
48.0
48.0
48.0
47.0
48.0
48.0
48.0
48.0
48.0
48.0
48.0
48.0
48.0
48.0
48.0
48.0
48.0
48.0
44.22222222222222
46.666666666666664
48.0
48.0
45.44444444444444
48.0
48.0
48.0
46.77777777777778
48.0
48.0
48.0
48.0
48.0
48.0
48.0
48.0
48.0
48.0
48.0
46.666666666666664
48.0
45.0
48.0
48.0
47.333333333333336
48.0
45.0
48.0
48.0
48.0
46.666666666666664
48.0
48.0
48.0
48.0
48.0
48.0
48.0
46.55555555555556
48.0
48.0
46.666666666666664
48.0
48.0
48.0
48.0
48.0
48.0
48.0
46.55555555555556
48.0
48.0
46.77777777777778
48.0
48.0
43.9
48.0
48.0
48.0
48.0
48.0
48.0
48.0
44.22222222222222
48.0
47.22222222222222
48.0
48.0
48.0
48.0
48.0
48.0
48.0
48.0
44.8
48.0
48.0
48.0
48.0
48.0
43.1
48.0
48.0
48.0
46.666666666666664
48.0
48.0
48.0
48.0
48.0
48.0
48.0
43.4
48.0
48.0
48.0
48.0
48.0
48.0
48.0
48.0
48.0
48.0
48.0
48.0
48.0
48.0
48.0
48.0
45.0
48.0
46.22222222222222
48.0
48.0
48.0
48.0
48.0
48.0
48.0
48.0
48.0
47.111111111111114
48.0
48.0
48.0
48.0
48.0
44.6
48.0
48.0
48.0
48.0
48.0
48.0
48.0
46.3
46.666666666666664
48.0
46.44444444444444
48.0
48.0
48.0
43.0
48.0
44.333333333333336
48.0
48.0
48.0
48.0
48.0
48.0
47.55555555555556
48.0
48.0
48.0
48.0
45.9
48.0
48.0
48.0
48.0
48.0
48.0
48.0
44.888888888888886
48.0
48.0
46.77777777777778
48.0
48.0
46.888888888888886
47.22222222222222
48.0
45.55555555555556
48.0
48.0
48.0
48.0
48.0
48.0
48.0
48.0
45.666666666666664
48.0
48.0
48.0
42.5
48.0
43.3
48.0
48.0
48.0
48.0
48.0
48.0
48.0
48.0
48.0
48.0
48.0
48.0
47.77777777777778
48.0
48.0
48.0
48.0
45.1
48.0
48.0
48.0
48.0
43.8
48.0
48.0
48.0
48.0
47.333333333333336
48.0
48.0
48.0
48.0
48.0
48.0
48.0
48.0
48.0
47.22222222222222
48.0
45.1
46.55555555555556
48.0
48.0
44.6
48.0
48.0
48.0
48.0
48.0
48.0
48.0
45.4
45.333333333333336
48.0
48.0
48.0
48.0
48.0
48.0
44.5
48.0
44.5
48.0
47.22222222222222
48.0
48.0
48.0
47.666666666666664
48.0
48.0
45.5
48.0
48.0
48.0
48.0
48.0
48.0
46.55555555555556
48.0
46.111111111111114
45.6
46.77777777777778
48.0
48.0
44.4
44.55555555555556
48.0
48.0
48.0
48.0
48.0
47.55555555555556
48.0
48.0
45.4
45.77777777777778
48.0
45.4
47.55555555555556
48.0
47.333333333333336
44.6
48.0
48.0
46.888888888888886
46.4
47.5
48.0
45.4
44.7
48.0
48.0
48.0
48.0
48.0
48.0
48.0
48.0
48.0
48.0
47.8
48.0
47.888888888888886
45.8
48.0
48.0
48.0
44.45454545454545
44.5
48.0
46.5
47.8
46.1
48.0
46.9
48.0
45.4
48.0
48.0
48.0
48.0
47.22222222222222
48.0
48.0
48.0
44.8
48.0
48.0
42.27272727272727
48.0
48.0
43.90909090909091
48.0
43.4
45.1
45.5
48.0
46.7
48.0
47.333333333333336
46.5
48.0
44.0
46.5
48.0
48.0
48.0
48.0
44.5
46.7
48.0
47.0
47.0
47.0
46.8
43.0
46.81818181818182
47.2
47.3
47.0
48.0
43.81818181818182
47.44444444444444
46.3
46.09090909090909
46.1
46.1
44.9
47.0
47.7
47.6
45.5
45.8
45.27272727272727
43.45454545454545
44.9
48.0
47.4
48.0
47.2
45.3
47.1
48.0
42.583333333333336
44.63636363636363
46.1
45.45454545454545
42.25
41.63636363636363
44.916666666666664
48.0
48.0
47.1
45.54545454545455
40.92307692307692
45.9
46.1
48.0
47.36363636363637
44.0
42.63636363636363
47.27272727272727
45.63636363636363
46.18181818181818
47.6
44.72727272727273
44.45454545454545
45.18181818181818
48.0
48.0
40.666666666666664
46.45454545454545
46.7
47.0
48.0
43.81818181818182
46.18181818181818
46.25
47.54545454545455
43.833333333333336
45.8
44.0
46.8
43.333333333333336
46.45454545454545
41.69230769230769
44.0
47.27272727272727
48.0
45.45454545454545
48.0
46.90909090909091
45.833333333333336
42.54545454545455
47.0
47.2
41.72727272727273
48.0
46.25
47.166666666666664
48.0
48.0
42.916666666666664
45.63636363636363
48.0
45.666666666666664
45.416666666666664
46.63636363636363
48.0
41.84615384615385
44.84615384615385
45.0
46.2
42.53846153846154
38.666666666666664
45.0
47.0
46.5
45.416666666666664
46.25
48.0
48.0
45.5
48.0
43.083333333333336
44.5
45.083333333333336
48.0
47.63636363636363
44.46153846153846
47.0
45.53846153846154
42.857142857142854
41.61538461538461
41.84615384615385
41.23076923076923
45.416666666666664
46.81818181818182
42.76923076923077
40.92857142857143
47.45454545454545
42.30769230769231
43.69230769230769
44.61538461538461
39.0
45.75
42.357142857142854
47.0
44.083333333333336
43.666666666666664
45.38461538461539
43.23076923076923
45.666666666666664
44.53846153846154
47.0
45.63636363636363
45.72727272727273
48.0
45.30769230769231
47.0
48.0
46.166666666666664
45.53846153846154
48.0
45.5
39.07692307692308
46.84615384615385
46.333333333333336
47.54545454545455
46.833333333333336
45.92307692307692
46.916666666666664
46.833333333333336
46.75
46.666666666666664
47.90909090909091
45.416666666666664
46.214285714285715
46.54545454545455
42.0
41.84615384615385
46.75
45.416666666666664
44.69230769230769
48.0
44.23076923076923
47.166666666666664
46.25
46.81818181818182
45.90909090909091
43.916666666666664
45.45454545454545
46.083333333333336
45.833333333333336
46.916666666666664
48.0
46.583333333333336
45.0
47.25
44.0
48.0
43.333333333333336
45.53846153846154
45.916666666666664
44.0
44.30769230769231
43.61538461538461
44.0
46.666666666666664
43.84615384615385
44.42857142857143
48.0
46.0
47.166666666666664
40.92307692307692
46.15384615384615
46.36363636363637
42.15384615384615
47.15384615384615
47.583333333333336
45.30769230769231
44.84615384615385
48.0
44.166666666666664
44.916666666666664
44.61538461538461
47.30769230769231
41.84615384615385
46.833333333333336
43.84615384615385
45.0
46.09090909090909
46.0
46.38461538461539
48.0
47.27272727272727
45.333333333333336
45.583333333333336
41.733333333333334
45.083333333333336
47.416666666666664
46.92307692307692
45.25
46.333333333333336
45.666666666666664
43.416666666666664
44.53846153846154
47.45454545454545
48.0
45.92857142857143
43.53846153846154
47.416666666666664
47.36363636363637
45.54545454545455
42.84615384615385
43.666666666666664
48.0
48.0
47.083333333333336
44.63636363636363
45.833333333333336
48.0
48.0
45.63636363636363
48.0
43.53846153846154
46.5
45.916666666666664
48.0
45.916666666666664
48.0
48.0
48.0
46.5
48.0
46.81818181818182
46.15384615384615
45.666666666666664
43.714285714285715
47.5
47.25
40.84615384615385
44.416666666666664
46.18181818181818
46.083333333333336
47.5
44.75
39.375
43.214285714285715
45.92307692307692
41.357142857142854
42.214285714285715
46.0
45.357142857142854
42.86666666666667
45.166666666666664
47.25
41.92857142857143
42.92307692307692
46.69230769230769
45.42857142857143
45.142857142857146
46.53846153846154
47.357142857142854
44.583333333333336
40.375
44.53846153846154
45.76923076923077
43.92857142857143
46.416666666666664
40.357142857142854
43.642857142857146
45.0
43.38461538461539
45.916666666666664
46.76923076923077
41.285714285714285
42.42857142857143
42.3125
46.07692307692308
46.142857142857146
44.142857142857146
37.5
47.285714285714285
43.857142857142854
42.142857142857146
44.333333333333336
45.07692307692308
46.07142857142857
43.642857142857146
43.61538461538461
46.53846153846154
46.266666666666666
44.46666666666667
40.875
46.30769230769231
44.333333333333336
44.42857142857143
43.857142857142854
45.142857142857146
44.2
44.93333333333333
45.785714285714285
43.2
43.57142857142857
42.733333333333334
44.642857142857146
46.42857142857143
46.285714285714285
38.23529411764706
38.8125
45.0
43.142857142857146
45.07142857142857
47.142857142857146
46.0
45.6
45.4
43.8125
43.333333333333336
44.714285714285715
46.142857142857146
45.86666666666667
45.642857142857146
43.6875
40.86666666666667
46.357142857142854
43.9375
42.13333333333333
44.46666666666667
43.06666666666667
44.8125
45.46666666666667
44.6
41.0
40.5
44.857142857142854
43.4
42.5625
41.8
43.142857142857146
41.294117647058826
44.13333333333333
45.733333333333334
44.5625
40.294117647058826
46.38461538461539
46.285714285714285
44.666666666666664
43.53333333333333
42.35294117647059
39.666666666666664
45.214285714285715
39.5
45.8
43.86666666666667
46.2
40.72222222222222
42.411764705882355
41.94117647058823
42.5625
39.88235294117647
44.6875
43.4
47.06666666666667
45.4
41.35294117647059
44.0
42.4375
44.4
37.05882352941177
44.666666666666664
43.470588235294116
40.5
40.0
40.88235294117647
42.05882352941177
43.8
46.0625
44.875
44.86666666666667
40.294117647058826
41.5
43.9375
38.8235294117647
42.13333333333333
43.588235294117645
42.75
42.470588235294116
47.46666666666667
44.733333333333334
42.4375
44.625
45.266666666666666
37.833333333333336
45.06666666666667
41.6875
42.1875
45.13333333333333
43.0
40.23529411764706
43.93333333333333
44.125
44.1875
39.0
45.86666666666667
44.3125
44.0
45.8
39.588235294117645
43.8125
43.9375
43.0
43.0625
44.0625
38.94444444444444
48.0
45.86666666666667
42.8125
39.44444444444444
43.75
45.07142857142857
45.5
43.666666666666664
41.11764705882353
42.8235294117647
45.0
44.375
43.0
42.733333333333334
39.75
44.1875
46.357142857142854
45.0
44.06666666666667
45.5
43.0
43.666666666666664
45.266666666666666
48.0
43.6875
43.93333333333333
46.0
41.75
43.05882352941177
45.333333333333336
46.333333333333336
41.8125
43.6
44.8125
41.5
46.333333333333336
46.357142857142854
45.125
43.705882352941174
37.88235294117647
43.333333333333336
43.25
45.5
43.0
43.625
45.93333333333333
47.142857142857146
45.92307692307692
43.266666666666666
44.53333333333333
44.8125
48.0
40.375
40.705882352941174
41.88235294117647
45.733333333333334
43.333333333333336
44.6
44.46666666666667
42.64705882352941
46.666666666666664
43.5625
43.333333333333336
44.733333333333334
46.86666666666667
46.46666666666667
45.6
45.8
42.125
45.13333333333333
40.55555555555556
45.666666666666664
41.93333333333333
47.13333333333333
44.75
44.5
44.13333333333333
42.25
41.294117647058826
44.9375
43.470588235294116
41.1764705882353
42.5625
44.0625
41.588235294117645
44.1875
46.0
44.357142857142854
40.411764705882355
45.214285714285715
43.1764705882353
43.470588235294116
45.0
41.22222222222222
42.94117647058823
42.588235294117645
43.166666666666664
45.375
38.27777777777778
42.76470588235294
43.4375
42.9375
45.733333333333334
41.94444444444444
45.375
45.5625
41.411764705882355
39.35294117647059
42.705882352941174
41.705882352941174
43.375
43.875
44.125
44.375
43.0
44.375
42.588235294117645
44.125
43.125
44.25
45.0
42.23529411764706
42.3125
42.8235294117647
44.86666666666667
42.6875
44.875
44.05882352941177
43.75
46.07142857142857
43.75
43.8125
42.0
45.5
44.3125
42.6875
44.0
42.411764705882355
45.666666666666664
43.705882352941174
45.2
44.64705882352941
41.333333333333336
43.05555555555556
41.76470588235294
39.833333333333336
42.94117647058823
41.68421052631579
44.0
43.6875
46.93333333333333
42.05882352941177
43.6875
45.53333333333333
40.0625
42.11764705882353
41.9375
44.8125
45.333333333333336
43.125
41.1764705882353
44.375
41.4375
41.0
46.53333333333333
41.22222222222222
43.3125
43.11764705882353
41.88235294117647
41.5
44.2
44.25
43.875
42.166666666666664
45.1875
45.75
41.0
43.9375
43.5
43.11764705882353
45.6875
41.1875
44.733333333333334
41.27777777777778
42.8125
43.333333333333336
43.86666666666667
46.0
42.833333333333336
45.1875
45.13333333333333
46.0
44.0
43.25
44.375
44.5625
44.11764705882353
44.05882352941177
44.4375
41.588235294117645
45.1875
44.46666666666667
43.0
45.125
45.25
45.3125
44.6875
42.588235294117645
46.733333333333334
43.0625
45.05882352941177
46.2
42.8125
46.46666666666667
44.125
42.666666666666664
39.588235294117645
42.1764705882353
42.8235294117647
46.0625
44.86666666666667
45.13333333333333
45.666666666666664
44.4
44.13333333333333
47.25
46.0
46.53333333333333
44.8
46.266666666666666
45.875
42.94444444444444
44.6875
42.8125
44.266666666666666
48.0
46.5
40.166666666666664
43.8235294117647
45.0
45.0
46.6
44.9375
43.11764705882353
46.733333333333334
45.46666666666667
47.1764705882353
44.1875
44.9375
43.75
45.666666666666664
43.6875
44.0
46.588235294117645
40.72222222222222
44.25
42.10526315789474
43.77777777777778
43.5625
43.6875
45.0
45.588235294117645
46.875
44.75
44.0
45.5625
39.05555555555556
45.06666666666667
43.705882352941174
41.4
45.625
44.25
42.611111111111114
40.8235294117647
43.411764705882355
45.625
39.5
42.35294117647059
45.0
41.529411764705884
44.705882352941174
42.8235294117647
44.5
41.166666666666664
46.0
46.5
48.0
43.86666666666667
45.25
44.9375
45.6
44.11764705882353
42.705882352941174
41.64705882352941
42.35294117647059
43.625
42.470588235294116
40.888888888888886
44.4375
38.0
41.35294117647059
45.06666666666667
46.625
42.705882352941174
45.53333333333333
45.13333333333333
40.72222222222222
46.0
44.0
44.375
43.411764705882355
48.0
41.611111111111114
45.8
44.11764705882353
44.875
47.53333333333333
47.266666666666666
44.0625
42.333333333333336
47.8
44.875
44.6875
41.470588235294116
46.0625
43.11764705882353
45.4375
45.2
45.1875
45.23529411764706
46.266666666666666
45.0
41.78947368421053
45.06666666666667
47.8
45.0
46.5
44.0625
46.1764705882353
45.875
41.8235294117647
43.06666666666667
45.75
43.3125
45.8
45.46666666666667
44.470588235294116
44.3125
43.6875
45.8
44.46666666666667
42.94117647058823
38.833333333333336
43.705882352941174
42.529411764705884
46.733333333333334
45.1875
44.125
43.166666666666664
44.6875
40.88235294117647
44.5625
42.64705882352941
47.125
46.53333333333333
44.1875
46.92857142857143
45.714285714285715
44.266666666666666
42.05555555555556
45.86666666666667
44.1764705882353
41.94444444444444
43.75
46.4
46.0
44.25
45.333333333333336
42.25
47.13333333333333
43.875
46.0625
42.529411764705884
44.733333333333334
46.0
44.875
44.5
47.1875
46.86666666666667
45.2
47.266666666666666
45.8125
43.294117647058826
45.0625
44.5
40.0
45.06666666666667
45.666666666666664
43.0
45.875
45.470588235294116
45.0625
46.64705882352941
46.333333333333336
44.13333333333333
45.13333333333333
45.8
44.11764705882353
46.4
48.0
45.1875
44.9375
44.666666666666664
44.0625
43.64705882352941
46.411764705882355
45.06666666666667
46.46666666666667
43.470588235294116
45.714285714285715
43.8235294117647
44.8
43.6
45.1875
44.25
44.25
46.5625
46.4
44.411764705882355
45.86666666666667
42.05555555555556
45.1875
46.8
42.8235294117647
45.625
43.9375
47.05882352941177
44.0625
42.5
44.266666666666666
45.8125
47.2
45.625
47.1875
44.0
46.666666666666664
45.4
46.642857142857146
46.13333333333333
45.93333333333333
42.9375
46.294117647058826
46.06666666666667
46.625
42.6875
43.72222222222222
46.733333333333334
44.0625
43.06666666666667
45.5
46.75
42.11764705882353
43.588235294117645
45.875
45.125
43.294117647058826
46.470588235294116
46.1764705882353
45.5
46.125
47.125
44.25
46.8125
43.4375
45.64705882352941
45.529411764705884
46.375
43.77777777777778
43.88235294117647
42.588235294117645
43.94117647058823
45.5
44.111111111111114
42.529411764705884
44.125
44.5
42.4375
47.1875
43.88235294117647
44.5
44.3125
45.529411764705884
45.6875
46.5625
43.1764705882353
45.3125
48.0
43.75
44.529411764705884
44.3125
43.75
42.77777777777778
44.8125
46.9375
41.5
46.266666666666666
44.1764705882353
43.35294117647059
41.76470588235294
43.888888888888886
42.64705882352941
42.705882352941174
45.4
44.625
43.470588235294116
42.94117647058823
45.411764705882355
45.25
44.588235294117645
47.1875
46.05882352941177
42.88235294117647
44.64705882352941
45.64705882352941
45.4375
46.1764705882353
44.35294117647059
44.25
45.529411764705884
46.625
42.6875
42.88235294117647
40.888888888888886
42.22222222222222
40.94117647058823
46.0625
44.705882352941174
42.94117647058823
45.0625
42.625
41.72222222222222
43.64705882352941
46.333333333333336
45.93333333333333
43.35294117647059
43.75
46.4375
46.8
44.76470588235294
48.0
45.625
45.470588235294116
45.64705882352941
43.0
41.0
45.625
43.733333333333334
43.1764705882353
46.64705882352941
45.9375
43.588235294117645
42.166666666666664
44.588235294117645
46.8125
44.6875
44.11764705882353
43.88235294117647
44.166666666666664
41.166666666666664
43.8235294117647
46.166666666666664
41.8235294117647
43.529411764705884
44.72222222222222
44.294117647058826
42.111111111111114
44.588235294117645
42.411764705882355
45.94117647058823
43.77777777777778
43.88235294117647
41.36842105263158
41.94444444444444
43.27777777777778
42.833333333333336
39.10526315789474
41.5
42.05555555555556
47.35294117647059
40.05263157894737
40.611111111111114
43.64705882352941
45.88235294117647
44.94117647058823
39.6
44.88235294117647
39.94444444444444
42.89473684210526
40.611111111111114
44.35294117647059
43.94444444444444
44.77777777777778
46.25
46.25
44.88235294117647
43.411764705882355
44.470588235294116
45.0625
42.05555555555556
46.1875
44.76470588235294
45.6875
46.8125
42.611111111111114
45.529411764705884
45.625
45.411764705882355
47.25
45.64705882352941
45.76470588235294
44.44444444444444
40.529411764705884
45.4375
39.9
45.588235294117645
42.94117647058823
45.166666666666664
47.64705882352941
46.388888888888886
45.470588235294116
42.529411764705884
41.888888888888886
43.333333333333336
47.06666666666667
45.64705882352941
47.3125
43.0
40.77777777777778
45.75
44.76470588235294
40.94736842105263
45.529411764705884
44.388888888888886
43.388888888888886
42.588235294117645
44.88235294117647
44.833333333333336
45.0
39.85
45.23529411764706
43.35294117647059
42.68421052631579
46.76470588235294
44.125
43.529411764705884
46.294117647058826
46.470588235294116
46.333333333333336
46.0
45.588235294117645
47.35294117647059
45.23529411764706
40.94444444444444
40.666666666666664
44.27777777777778
45.9375
43.0
44.72222222222222
43.21052631578947
42.88235294117647
38.4
44.22222222222222
43.73684210526316
44.9375
44.529411764705884
43.0
44.27777777777778
42.89473684210526
40.94736842105263
42.94117647058823
43.333333333333336
47.3125
44.88235294117647
43.76470588235294
44.76470588235294
41.89473684210526
44.705882352941174
41.22222222222222
44.44444444444444
45.72222222222222
41.3
44.22222222222222
43.0
46.5625
45.588235294117645
43.0
44.888888888888886
40.421052631578945
43.5
43.588235294117645
41.22222222222222
45.75
43.6875
46.3125
43.411764705882355
43.76470588235294
44.666666666666664
43.333333333333336
43.72222222222222
42.0
43.333333333333336
44.35294117647059
44.611111111111114
41.68421052631579
44.64705882352941
44.0
46.0
43.588235294117645
44.666666666666664
43.125
41.888888888888886
45.88235294117647
42.94444444444444
45.8235294117647
41.578947368421055
40.4
37.142857142857146
47.25
43.05882352941177
43.88235294117647
42.44444444444444
44.0
46.6875
46.6875
43.05555555555556
41.44444444444444
45.5
45.05882352941177
44.76470588235294
45.470588235294116
43.64705882352941
43.166666666666664
43.166666666666664
42.11764705882353
45.705882352941174
44.72222222222222
45.35294117647059
46.9375
40.05555555555556
44.411764705882355
45.411764705882355
43.611111111111114
44.05555555555556
44.411764705882355
43.88235294117647
43.1875
42.111111111111114
44.35294117647059
46.705882352941174
46.1764705882353
44.05882352941177
41.5
47.0625
41.72222222222222
44.0
42.8235294117647
43.333333333333336
44.72222222222222
40.0
42.166666666666664
45.705882352941174
43.470588235294116
42.89473684210526
44.333333333333336
43.68421052631579
48.0
46.11764705882353
44.705882352941174
40.44444444444444
47.733333333333334
43.333333333333336
43.333333333333336
42.55555555555556
44.23529411764706
41.0
44.666666666666664
44.94117647058823
44.5
42.166666666666664
42.388888888888886
42.0
44.72222222222222
46.5
46.05882352941177
44.8235294117647
43.1578947368421
48.0
44.22222222222222
42.166666666666664
42.388888888888886
44.8235294117647
42.111111111111114
43.77777777777778
42.888888888888886
44.666666666666664
42.64705882352941
40.578947368421055
47.3125
47.5
45.35294117647059
40.94736842105263
45.35294117647059
44.611111111111114
45.27777777777778
46.25
44.666666666666664
42.27777777777778
42.73684210526316
43.27777777777778
41.78947368421053
41.22222222222222
42.411764705882355
43.94117647058823
43.5
42.0
42.5
43.421052631578945
45.27777777777778
41.36842105263158
45.388888888888886
43.94117647058823
45.11764705882353
45.666666666666664
41.6
42.588235294117645
45.6875
42.89473684210526
43.888888888888886
42.333333333333336
44.77777777777778
44.0
43.388888888888886
43.94117647058823
42.166666666666664
42.27777777777778
41.888888888888886
41.35294117647059
44.94117647058823
45.470588235294116
44.5
44.705882352941174
42.44444444444444
46.4375
43.526315789473685
44.55555555555556
44.8235294117647
43.470588235294116
43.77777777777778
46.8235294117647
42.166666666666664
42.333333333333336
42.0
43.8421052631579
43.63157894736842
42.94444444444444
41.36842105263158
41.5
43.166666666666664
40.0
42.111111111111114
42.44444444444444
43.76470588235294
41.68421052631579
45.411764705882355
42.94444444444444
42.94444444444444
46.5
45.8235294117647
44.294117647058826
43.8235294117647
46.94117647058823
44.88235294117647
45.35294117647059
43.94117647058823
45.111111111111114
43.111111111111114
45.05555555555556
43.68421052631579
42.888888888888886
45.0
44.333333333333336
47.5
43.5
44.333333333333336
42.05263157894737
43.44444444444444
43.388888888888886
46.0
42.05263157894737
43.22222222222222
43.55555555555556
42.36842105263158
42.421052631578945
44.22222222222222
45.625
44.44444444444444
42.5
44.31578947368421
42.55555555555556
42.88235294117647
36.36363636363637
41.05263157894737
41.63157894736842
45.11764705882353
43.26315789473684
37.85
43.166666666666664
44.0
43.36842105263158
43.21052631578947
45.666666666666664
43.44444444444444
40.35
44.421052631578945
42.68421052631579
41.72222222222222
45.333333333333336
42.6
41.611111111111114
42.5
43.166666666666664
45.529411764705884
42.94444444444444
44.27777777777778
43.64705882352941
46.94117647058823
40.73684210526316
44.64705882352941
41.26315789473684
40.72222222222222
43.111111111111114
44.23529411764706
45.111111111111114
45.44444444444444
44.72222222222222
45.875
43.166666666666664
44.88235294117647
43.833333333333336
45.588235294117645
44.588235294117645
40.888888888888886
41.526315789473685
45.588235294117645
42.666666666666664
44.470588235294116
44.44444444444444
47.125
41.05263157894737
45.22222222222222
44.05263157894737
44.411764705882355
43.22222222222222
45.705882352941174
46.294117647058826
46.705882352941174
45.411764705882355
42.5
45.72222222222222
45.88235294117647
46.5
43.666666666666664
43.526315789473685
45.611111111111114
43.05555555555556
40.31578947368421
45.333333333333336
42.26315789473684
46.23529411764706
45.35294117647059
43.44444444444444
40.6
41.94736842105263
43.26315789473684
44.21052631578947
42.85
43.166666666666664
42.68421052631579
45.94444444444444
44.166666666666664
44.88235294117647
43.333333333333336
46.05555555555556
47.411764705882355
44.05882352941177
41.2
41.89473684210526
44.166666666666664
41.68421052631579
46.588235294117645
44.44444444444444
46.25
40.578947368421055
45.333333333333336
40.73684210526316
43.0
47.588235294117645
44.833333333333336
46.1875
43.44444444444444
43.473684210526315
45.22222222222222
44.05555555555556
40.421052631578945
39.8
45.55555555555556
45.55555555555556
43.8235294117647
41.526315789473685
43.72222222222222
45.473684210526315
44.22222222222222
44.388888888888886
42.63157894736842
43.77777777777778
44.588235294117645
45.8235294117647
36.76190476190476
43.578947368421055
42.1578947368421
44.94444444444444
45.23529411764706
46.611111111111114
43.63157894736842
45.5
40.94736842105263
41.526315789473685
46.0
46.833333333333336
44.0
43.0
42.8421052631579
44.05882352941177
38.666666666666664
43.21052631578947
44.588235294117645
43.77777777777778
46.588235294117645
41.21052631578947
47.76470588235294
45.166666666666664
41.888888888888886
44.26315789473684
42.05263157894737
47.0
44.1578947368421
43.588235294117645
45.529411764705884
40.95
41.95
44.166666666666664
43.611111111111114
42.421052631578945
39.666666666666664
42.8
40.8
44.421052631578945
41.78947368421053
44.35294117647059
43.72222222222222
40.7
42.5
39.95
44.05263157894737
37.476190476190474
41.04761904761905
42.31578947368421
42.68421052631579
40.81818181818182
40.23809523809524
41.73684210526316
44.94736842105263
40.04545454545455
41.095238095238095
40.8
41.0
36.34782608695652
38.95652173913044
41.8
42.526315789473685
40.65
36.52173913043478
40.904761904761905
40.8
41.142857142857146
40.4
37.59090909090909
37.76190476190476
41.857142857142854
40.13636363636363
40.142857142857146
43.22222222222222
39.09090909090909
43.21052631578947
45.36842105263158
43.73684210526316
36.5
42.0
43.05555555555556
43.94736842105263
40.45
42.6
43.05263157894737
40.095238095238095
41.7
42.0
41.0
42.421052631578945
37.13636363636363
45.333333333333336
42.05263157894737
39.23809523809524
37.45454545454545
42.75
41.05263157894737
42.05263157894737
45.611111111111114
44.526315789473685
43.94444444444444
42.78947368421053
45.529411764705884
40.05263157894737
41.9
39.94736842105263
41.1
43.0
39.55
43.05263157894737
44.78947368421053
41.857142857142854
42.63157894736842
41.526315789473685
45.44444444444444
42.10526315789474
41.8421052631579
44.94444444444444
42.8421052631579
43.1578947368421
42.73684210526316
44.473684210526315
41.63157894736842
41.65
39.89473684210526
44.94736842105263
42.36842105263158
39.4
40.578947368421055
41.68421052631579
46.35294117647059
45.578947368421055
42.89473684210526
43.833333333333336
42.31578947368421
45.05263157894737
46.27777777777778
46.5
42.421052631578945
42.2
39.095238095238095
41.85
42.0
43.68421052631579
42.0
42.31578947368421
43.0
39.8
44.1578947368421
43.611111111111114
39.25
43.26315789473684
40.7
42.36842105263158
45.705882352941174
41.85
41.526315789473685
44.1578947368421
37.6
45.666666666666664
45.166666666666664
41.94736842105263
43.611111111111114
38.76190476190476
44.89473684210526
45.111111111111114
44.68421052631579
44.88235294117647
43.94444444444444
41.3
44.833333333333336
42.26315789473684
42.10526315789474
45.55555555555556
40.85
42.21052631578947
40.10526315789474
41.38095238095238
41.8
40.9
42.8421052631579
42.0
39.666666666666664
45.0
42.77777777777778
43.578947368421055
42.36842105263158
46.11764705882353
41.63157894736842
46.21052631578947
46.55555555555556
43.21052631578947
45.72222222222222
42.94444444444444
43.68421052631579
44.833333333333336
45.333333333333336
44.705882352941174
43.888888888888886
40.1
40.63157894736842
47.35294117647059
43.473684210526315
45.166666666666664
45.35294117647059
41.94736842105263
45.0
39.95
40.526315789473685
44.77777777777778
42.21052631578947
45.111111111111114
41.1
38.8
44.388888888888886
46.333333333333336
45.11764705882353
44.22222222222222
43.73684210526316
39.95
42.94736842105263
42.85
43.388888888888886
43.833333333333336
46.166666666666664
45.705882352941174
43.111111111111114
42.888888888888886
40.68421052631579
45.0
40.73684210526316
44.5
47.0
44.0
41.421052631578945
41.25
42.5
43.77777777777778
47.1875
43.94444444444444
44.411764705882355
44.5
40.94736842105263
44.833333333333336
44.294117647058826
44.588235294117645
45.1764705882353
40.94444444444444
43.35
44.833333333333336
44.0
42.611111111111114
43.76470588235294
43.89473684210526
44.388888888888886
41.78947368421053
43.89473684210526
41.72222222222222
43.23529411764706
44.94444444444444
45.294117647058826
46.625
43.64705882352941
42.888888888888886
45.875
43.705882352941174
43.0
45.8235294117647
45.588235294117645
46.11764705882353
45.294117647058826
45.470588235294116
46.23529411764706
45.529411764705884
44.88235294117647
44.0
46.11764705882353
47.1764705882353
44.23529411764706
46.88235294117647
46.470588235294116
46.76470588235294
42.526315789473685
47.25
45.1764705882353
42.72222222222222
44.76470588235294
46.75
44.333333333333336
45.05882352941177
45.470588235294116
43.77777777777778
42.529411764705884
45.888888888888886
43.611111111111114
45.05555555555556
45.88235294117647
44.0
42.44444444444444
42.10526315789474
41.473684210526315
44.8235294117647
45.44444444444444
42.72222222222222
44.8235294117647
45.72222222222222
48.0
41.473684210526315
40.05263157894737
44.76470588235294
42.65
41.833333333333336
44.64705882352941
42.77777777777778
42.1578947368421
42.0
45.22222222222222
43.833333333333336
41.31578947368421
41.3
42.22222222222222
43.421052631578945
45.411764705882355
44.44444444444444
43.5
42.94444444444444
43.22222222222222
43.888888888888886
46.88235294117647
47.0
45.25
45.833333333333336
42.526315789473685
44.88235294117647
42.31578947368421
46.27777777777778
45.8421052631579
43.63157894736842
43.72222222222222
42.611111111111114
41.22222222222222
45.166666666666664
41.89473684210526
45.166666666666664
43.73684210526316
42.5
42.8421052631579
44.22222222222222
46.0
45.111111111111114
40.388888888888886
42.421052631578945
45.88235294117647
43.470588235294116
46.411764705882355
44.0
41.68421052631579
41.421052631578945
42.1578947368421
42.578947368421055
43.578947368421055
42.31578947368421
42.68421052631579
46.8235294117647
44.111111111111114
42.05
45.94444444444444
43.88235294117647
43.44444444444444
45.05555555555556
45.611111111111114
41.68421052631579
46.611111111111114
42.44444444444444
44.888888888888886
40.473684210526315
43.5
46.166666666666664
43.705882352941174
44.44444444444444
44.611111111111114
44.26315789473684
41.0
41.26315789473684
46.0
42.10526315789474
42.526315789473685
42.68421052631579
44.27777777777778
42.1578947368421
43.111111111111114
41.1
44.421052631578945
44.705882352941174
40.4
44.111111111111114
44.833333333333336
43.36842105263158
42.55555555555556
45.166666666666664
41.65
46.588235294117645
45.26315789473684
46.578947368421055
45.88235294117647
44.5
45.27777777777778
44.473684210526315
45.5
44.77777777777778
45.22222222222222
44.05263157894737
44.578947368421055
44.166666666666664
41.0
45.44444444444444
42.21052631578947
45.27777777777778
46.8421052631579
41.35
43.473684210526315
42.7
46.22222222222222
45.8235294117647
43.473684210526315
45.21052631578947
39.142857142857146
46.94117647058823
44.94444444444444
45.0
44.611111111111114
42.0
44.94736842105263
43.666666666666664
47.611111111111114
41.1
42.8421052631579
43.05555555555556
44.0
44.833333333333336
47.23529411764706
40.65
43.94444444444444
42.4
44.31578947368421
38.857142857142854
44.26315789473684
46.0
45.31578947368421
40.333333333333336
44.26315789473684
43.94444444444444
45.333333333333336
37.45454545454545
45.888888888888886
40.23809523809524
42.78947368421053
44.36842105263158
44.0
45.72222222222222
42.72222222222222
43.21052631578947
45.05555555555556
41.55
44.22222222222222
42.94444444444444
39.45
41.0
43.31578947368421
44.72222222222222
42.05263157894737
43.21052631578947
42.36842105263158
46.8235294117647
40.5
42.94444444444444
42.94736842105263
45.27777777777778
43.77777777777778
43.473684210526315
40.9
43.611111111111114
44.166666666666664
38.35
44.36842105263158
48.0
45.76470588235294
42.65
41.55
40.1
43.05263157894737
41.5
46.411764705882355
43.0
40.5
46.94444444444444
44.0
47.11764705882353
42.526315789473685
46.94117647058823
43.31578947368421
42.45
44.21052631578947
41.21052631578947
41.8
45.31578947368421
41.578947368421055
40.578947368421055
44.578947368421055
42.75
43.21052631578947
42.421052631578945
43.6
44.526315789473685
43.55555555555556
42.8421052631579
43.36842105263158
42.1578947368421
43.5
45.111111111111114
44.31578947368421
45.666666666666664
42.526315789473685
43.1578947368421
41.526315789473685
41.526315789473685
45.473684210526315
44.333333333333336
44.44444444444444
43.611111111111114
46.27777777777778
44.0
47.388888888888886
42.94736842105263
45.35294117647059
40.04761904761905
42.9
43.68421052631579
43.27777777777778
40.9
39.4
42.1
42.4
43.4
44.611111111111114
38.68181818181818
44.36842105263158
38.38095238095238
44.833333333333336
43.73684210526316
39.09090909090909
43.421052631578945
44.666666666666664
37.714285714285715
43.89473684210526
43.578947368421055
44.68421052631579
44.421052631578945
43.26315789473684
40.3
42.0
42.55555555555556
43.421052631578945
41.5
41.285714285714285
42.05
46.388888888888886
45.05555555555556
46.23529411764706
42.0
46.0
44.473684210526315
43.73684210526316
42.8421052631579
42.578947368421055
41.25
40.388888888888886
41.421052631578945
39.857142857142854
42.5
45.27777777777778
42.526315789473685
43.73684210526316
43.94736842105263
42.8
39.857142857142854
41.473684210526315
39.476190476190474
46.1764705882353
40.35
38.59090909090909
43.8421052631579
45.05263157894737
44.10526315789474
43.36842105263158
39.95
43.85
46.333333333333336
43.578947368421055
42.1578947368421
44.21052631578947
42.31578947368421
47.0
44.8421052631579
38.333333333333336
41.15
45.5
43.333333333333336
45.44444444444444
39.57142857142857
39.421052631578945
41.94736842105263
39.22727272727273
43.68421052631579
42.21052631578947
41.10526315789474
43.5
42.26315789473684
41.55
38.904761904761905
40.6
44.333333333333336
42.578947368421055
38.90909090909091
44.73684210526316
44.5
43.26315789473684
40.142857142857146
41.45
40.10526315789474
40.76190476190476
42.05
43.6
43.21052631578947
44.63157894736842
38.54545454545455
45.05555555555556
43.111111111111114
44.31578947368421
38.95238095238095
43.25
45.5
41.15
44.77777777777778
43.1578947368421
43.0
44.1578947368421
44.10526315789474
40.95238095238095
43.94736842105263
47.166666666666664
41.85
41.473684210526315
43.05
40.63157894736842
43.8421052631579
45.166666666666664
45.22222222222222
40.1
43.27777777777778
43.31578947368421
41.2
42.526315789473685
46.0
44.76470588235294
40.85
43.68421052631579
42.78947368421053
43.89473684210526
45.0
45.63157894736842
42.8
43.95
42.63157894736842
43.6
46.76470588235294
39.476190476190474
43.0
44.833333333333336
44.72222222222222
44.526315789473685
41.095238095238095
44.8235294117647
45.22222222222222
46.411764705882355
36.77272727272727
43.10526315789474
46.0
45.0
43.10526315789474
40.35
41.05
43.0
42.78947368421053
41.94736842105263
43.21052631578947
35.82608695652174
38.09090909090909
40.35
44.0
41.476190476190474
45.27777777777778
43.1
42.63157894736842
41.9
44.411764705882355
40.55
42.94736842105263
40.857142857142854
43.611111111111114
42.0
43.68421052631579
42.05263157894737
42.578947368421055
44.0
46.23529411764706
45.1578947368421
43.578947368421055
41.05263157894737
41.3
43.31578947368421
42.78947368421053
44.705882352941174
43.78947368421053
42.0
45.94736842105263
43.526315789473685
37.59090909090909
45.05555555555556
40.714285714285715
44.68421052631579
43.27777777777778
43.68421052631579
43.21052631578947
43.73684210526316
39.19047619047619
43.523809523809526
42.0
44.333333333333336
41.78947368421053
43.73684210526316
41.05
44.21052631578947
43.05555555555556
43.75
41.85
46.588235294117645
43.888888888888886
42.78947368421053
43.45
40.95
42.888888888888886
45.333333333333336
46.1764705882353
43.10526315789474
45.625
41.15
45.22222222222222
43.31578947368421
40.89473684210526
43.94736842105263
44.05263157894737
44.44444444444444
44.68421052631579
44.111111111111114
41.31578947368421
45.529411764705884
42.0
44.31578947368421
43.5
43.26315789473684
41.19047619047619
46.72222222222222
45.166666666666664
43.31578947368421
43.473684210526315
43.72222222222222
45.888888888888886
41.2
44.0
43.63157894736842
44.55555555555556
44.333333333333336
45.94117647058823
43.77777777777778
45.611111111111114
41.421052631578945
45.5
44.36842105263158
38.80952380952381
44.111111111111114
42.78947368421053
44.94444444444444
43.10526315789474
45.72222222222222
42.15
43.25
43.73684210526316
44.833333333333336
43.73684210526316
40.7
42.10526315789474
44.166666666666664
44.05555555555556
45.75
47.76470588235294
41.8421052631579
44.44444444444444
43.78947368421053
43.473684210526315
41.833333333333336
45.0
42.0
38.523809523809526
43.36842105263158
45.94117647058823
41.0
42.578947368421055
45.0
45.94117647058823
40.904761904761905
45.05555555555556
43.5
44.888888888888886
42.89473684210526
43.05
43.73684210526316
44.36842105263158
41.1
46.0
42.526315789473685
45.578947368421055
39.36363636363637
35.5
44.27777777777778
41.578947368421055
40.142857142857146
43.10526315789474
46.94117647058823
43.0
44.333333333333336
38.61904761904762
46.0
41.0
43.0
37.47826086956522
38.80952380952381
44.64705882352941
42.1578947368421
47.05882352941177
43.333333333333336
40.714285714285715
44.25
44.0
45.0
44.888888888888886
42.35
41.26315789473684
46.111111111111114
45.21052631578947
42.94444444444444
44.77777777777778
44.666666666666664
42.421052631578945
44.10526315789474
42.89473684210526
45.0
42.3
44.68421052631579
40.5
42.44444444444444
42.578947368421055
40.4
44.63157894736842
46.0
46.666666666666664
39.95
42.73684210526316
44.73684210526316
45.27777777777778
43.55555555555556
46.27777777777778
46.94736842105263
43.333333333333336
44.94736842105263
43.65
42.55
42.55
45.0
42.5
44.0
39.90909090909091
43.77777777777778
43.2
43.72222222222222
44.578947368421055
42.78947368421053
44.89473684210526
44.611111111111114
43.5
46.44444444444444
44.94736842105263
44.68421052631579
46.27777777777778
42.3
44.0
40.5
46.388888888888886
40.476190476190474
43.0
45.666666666666664
42.666666666666664
41.0
41.04761904761905
45.44444444444444
41.2
42.73684210526316
44.44444444444444
42.421052631578945
43.473684210526315
44.26315789473684
43.35
42.473684210526315
44.333333333333336
43.15
45.833333333333336
42.5
39.904761904761905
44.31578947368421
40.7
43.473684210526315
43.578947368421055
43.888888888888886
44.10526315789474
44.68421052631579
43.22222222222222
41.421052631578945
43.578947368421055
45.294117647058826
39.714285714285715
43.421052631578945
46.166666666666664
42.526315789473685
40.8
39.7
46.1764705882353
44.473684210526315
43.89473684210526
43.473684210526315
42.611111111111114
45.5
40.0
45.166666666666664
46.166666666666664
41.36842105263158
41.73684210526316
41.523809523809526
40.23809523809524
41.8421052631579
41.0
43.72222222222222
46.333333333333336
43.31578947368421
42.78947368421053
43.78947368421053
42.526315789473685
40.45
44.5
43.0
42.1578947368421
43.27777777777778
46.705882352941174
43.388888888888886
45.0
43.0
44.833333333333336
42.31578947368421
41.3
44.72222222222222
41.904761904761905
46.588235294117645
44.888888888888886
44.388888888888886
42.73684210526316
43.35
43.1578947368421
43.0
43.8421052631579
41.0
43.85
44.888888888888886
44.26315789473684
42.388888888888886
44.8421052631579
43.89473684210526
45.666666666666664
45.588235294117645
43.22222222222222
45.05555555555556
42.63157894736842
47.1764705882353
47.11764705882353
44.94444444444444
39.15
45.833333333333336
43.666666666666664
41.0
43.666666666666664
42.1578947368421
45.10526315789474
47.0
45.705882352941174
43.888888888888886
45.5
43.0
47.470588235294116
43.473684210526315
44.0
42.9
47.470588235294116
45.05882352941177
45.35294117647059
45.77777777777778
45.411764705882355
41.473684210526315
47.0
45.94444444444444
39.95238095238095
42.833333333333336
45.166666666666664
43.94736842105263
45.473684210526315
46.0
41.78947368421053
41.8
45.5
45.44444444444444
46.1875
43.8421052631579
47.470588235294116
45.1764705882353
43.0
44.65
41.05
41.578947368421055
44.8421052631579
42.26315789473684
44.88235294117647
43.526315789473685
44.72222222222222
44.21052631578947
45.27777777777778
45.23529411764706
43.36842105263158
40.578947368421055
43.473684210526315
45.333333333333336
43.6
45.333333333333336
41.421052631578945
41.73684210526316
44.611111111111114
42.833333333333336
44.44444444444444
43.333333333333336
44.0
43.77777777777778
42.73684210526316
36.09090909090909
44.578947368421055
46.77777777777778
46.1764705882353
47.333333333333336
46.27777777777778
42.26315789473684
44.0
43.78947368421053
42.4
45.22222222222222
45.529411764705884
44.55555555555556
40.666666666666664
42.26315789473684
44.35294117647059
41.7
38.76190476190476
42.94736842105263
46.05882352941177
38.09090909090909
44.94736842105263
43.05555555555556
43.68421052631579
44.526315789473685
47.55555555555556
42.8421052631579
45.21052631578947
46.05555555555556
44.5
46.72222222222222
45.411764705882355
41.89473684210526
44.10526315789474
42.473684210526315
42.36842105263158
41.38095238095238
45.77777777777778
42.473684210526315
45.666666666666664
44.68421052631579
45.77777777777778
44.666666666666664
47.05555555555556
44.22222222222222
44.72222222222222
43.31578947368421
44.26315789473684
43.89473684210526
43.888888888888886
42.473684210526315
38.68181818181818
45.333333333333336
45.55555555555556
45.833333333333336
45.27777777777778
42.64705882352941
45.529411764705884
46.470588235294116
46.05555555555556
43.166666666666664
43.294117647058826
43.166666666666664
46.0
45.94117647058823
47.375
45.68421052631579
46.5
42.94444444444444
46.388888888888886
46.529411764705884
45.1578947368421
43.294117647058826
45.27777777777778
45.23529411764706
46.888888888888886
46.611111111111114
44.588235294117645
40.666666666666664
43.421052631578945
43.473684210526315
42.666666666666664
43.8421052631579
43.05263157894737
43.833333333333336
46.11764705882353
46.888888888888886
46.88235294117647
45.88235294117647
46.1764705882353
43.5
41.94736842105263
44.588235294117645
44.705882352941174
43.05555555555556
41.55
43.73684210526316
47.11764705882353
45.88235294117647
47.411764705882355
42.0
47.13333333333333
45.88235294117647
44.63157894736842
44.31578947368421
47.294117647058826
45.611111111111114
43.94736842105263
44.166666666666664
45.93333333333333
46.23529411764706
41.21052631578947
42.15
48.0
46.05882352941177
45.8235294117647
46.88235294117647
38.8
47.6875
46.05882352941177
44.55555555555556
45.9375
40.65
44.0
44.27777777777778
43.94736842105263
45.94117647058823
40.5
45.8235294117647
43.77777777777778
46.1764705882353
43.388888888888886
45.23529411764706
43.27777777777778
43.94736842105263
43.526315789473685
46.529411764705884
45.23529411764706
42.63157894736842
39.81818181818182
45.4375
42.526315789473685
42.31578947368421
41.8421052631579
44.578947368421055
44.411764705882355
45.22222222222222
43.473684210526315
45.22222222222222
46.705882352941174
48.0
44.8421052631579
44.73684210526316
44.166666666666664
46.111111111111114
44.64705882352941
40.9
42.73684210526316
43.89473684210526
42.4
43.36842105263158
43.888888888888886
42.666666666666664
41.421052631578945
42.55555555555556
45.470588235294116
40.8
41.9
43.1578947368421
46.166666666666664
44.588235294117645
43.44444444444444
43.72222222222222
38.04545454545455
44.0
39.35
41.94736842105263
43.78947368421053
41.94736842105263
42.77777777777778
41.7
41.73684210526316
43.888888888888886
42.89473684210526
44.94736842105263
47.411764705882355
44.63157894736842
46.64705882352941
44.705882352941174
44.94444444444444
41.3
41.2
41.38095238095238
47.0
42.05263157894737
42.10526315789474
42.473684210526315
45.55555555555556
43.526315789473685
40.333333333333336
47.27777777777778
47.5
40.285714285714285
44.0
45.05555555555556
43.111111111111114
42.78947368421053
38.95238095238095
45.888888888888886
43.529411764705884
44.8421052631579
37.476190476190474
41.04761904761905
43.666666666666664
42.3
40.40909090909091
40.45
44.22222222222222
43.21052631578947
45.473684210526315
40.333333333333336
43.526315789473685
41.5
38.18181818181818
42.55
44.10526315789474
42.4
42.65
39.63636363636363
41.7
42.94736842105263
42.8421052631579
41.95
44.421052631578945
42.68421052631579
41.8421052631579
42.73684210526316
41.55
41.25
43.7
42.72222222222222
46.1764705882353
42.05263157894737
40.80952380952381
44.21052631578947
42.78947368421053
41.8
41.38095238095238
41.285714285714285
44.111111111111114
43.8421052631579
43.0
45.73684210526316
43.8421052631579
38.21739130434783
41.1
38.04545454545455
44.68421052631579
44.0
44.77777777777778
44.21052631578947
46.166666666666664
43.0
43.526315789473685
41.857142857142854
41.9
42.0
43.526315789473685
44.63157894736842
46.77777777777778
44.36842105263158
41.78947368421053
45.529411764705884
45.21052631578947
36.95454545454545
41.8421052631579
44.94736842105263
43.35
41.8
42.1578947368421
44.94736842105263
40.80952380952381
42.6
43.473684210526315
44.94736842105263
43.94736842105263
40.04761904761905
41.904761904761905
39.77272727272727
43.95
41.3
46.05555555555556
42.421052631578945
42.25
42.666666666666664
44.78947368421053
40.95238095238095
39.81818181818182
40.9
41.1
41.523809523809526
39.09090909090909
41.666666666666664
44.8421052631579
42.72222222222222
42.42857142857143
39.63636363636363
41.6
42.7
40.95238095238095
39.7
41.526315789473685
41.2
45.666666666666664
37.65217391304348
36.869565217391305
43.8421052631579
41.05
41.8
40.45
43.526315789473685
40.75
42.8421052631579
45.888888888888886
46.294117647058826
41.35
43.0
43.05263157894737
40.38095238095238
38.81818181818182
40.666666666666664
46.166666666666664
42.85
40.4
38.391304347826086
41.85
41.904761904761905
38.73913043478261
41.04761904761905
42.1578947368421
41.61904761904762
41.75
40.36363636363637
40.22727272727273
45.473684210526315
39.68181818181818
38.86363636363637
44.0
40.57142857142857
38.68181818181818
42.2
44.94444444444444
44.31578947368421
42.2
43.0
41.42857142857143
42.19047619047619
42.0
44.21052631578947
45.666666666666664
41.10526315789474
42.25
46.88235294117647
42.55
42.45
42.45
44.10526315789474
41.65
46.27777777777778
44.888888888888886
45.22222222222222
43.94736842105263
43.55555555555556
43.75
43.73684210526316
45.55555555555556
42.21052631578947
46.23529411764706
39.714285714285715
43.473684210526315
46.22222222222222
37.0
40.421052631578945
45.94444444444444
44.0
43.833333333333336
41.25
42.25
45.94444444444444
43.8421052631579
43.5
41.55
38.13636363636363
42.0
43.22222222222222
43.31578947368421
43.95
43.94736842105263
42.65
39.80952380952381
42.2
41.31578947368421
45.333333333333336
41.6
41.333333333333336
44.21052631578947
43.333333333333336
43.15
39.45454545454545
44.0
43.15
39.63636363636363
41.61904761904762
42.78947368421053
48.0
44.21052631578947
42.35
42.10526315789474
43.4
44.5
44.89473684210526
40.05
42.473684210526315
41.94736842105263
46.0
44.78947368421053
45.94444444444444
41.095238095238095
44.4
42.6
43.31578947368421
44.35
43.45
44.75
44.22222222222222
44.94444444444444
44.27777777777778
39.0
40.904761904761905
42.8421052631579
44.10526315789474
43.2
45.68421052631579
40.57142857142857
39.04347826086956
43.1578947368421
42.21052631578947
37.90909090909091
45.26315789473684
43.63157894736842
42.55
40.68181818181818
42.04761904761905
42.85
41.55
42.421052631578945
39.8
42.27777777777778
42.0
46.23529411764706
42.7
42.10526315789474
38.40909090909091
36.82608695652174
44.0
43.2
43.42857142857143
40.13636363636363
41.65
40.04545454545455
42.5
46.0
44.36842105263158
45.77777777777778
43.578947368421055
42.23809523809524
42.15
45.888888888888886
38.54545454545455
41.333333333333336
42.85
43.75
40.35
43.89473684210526
40.9
45.26315789473684
39.857142857142854
43.95
42.94736842105263
41.0
38.08695652173913
42.095238095238095
39.04545454545455
37.90909090909091
41.333333333333336
40.95238095238095
41.0
42.0
45.89473684210526
39.75
40.523809523809526
41.23809523809524
44.2
46.0
43.05263157894737
43.10526315789474
40.04545454545455
45.78947368421053
43.8421052631579
44.526315789473685
41.04761904761905
41.4
41.333333333333336
42.26315789473684
43.888888888888886
42.4
40.09090909090909
42.6
42.421052631578945
43.8421052631579
41.80952380952381
38.18181818181818
45.72222222222222
43.3
42.35
40.857142857142854
42.3
41.0
40.23809523809524
45.388888888888886
41.1
43.8
43.421052631578945
39.7
40.65
36.0
42.63157894736842
45.45
44.55555555555556
44.166666666666664
43.31578947368421
41.45
41.26315789473684
42.75
43.05
42.285714285714285
41.15
41.8
46.44444444444444
45.63157894736842
41.89473684210526
47.76470588235294
44.8421052631579
45.94117647058823
44.27777777777778
44.55555555555556
42.5
41.3
43.68421052631579
41.095238095238095
41.473684210526315
43.26315789473684
43.833333333333336
42.95
40.523809523809526
43.63157894736842
39.95238095238095
48.0
46.588235294117645
39.95
45.26315789473684
45.44444444444444
47.05882352941177
45.05263157894737
43.05263157894737
42.2
41.95
42.05
43.73684210526316
39.31818181818182
44.11764705882353
40.3
42.05
42.94736842105263
45.166666666666664
41.35
43.4
43.421052631578945
43.63157894736842
42.94736842105263
42.85
43.15
42.21052631578947
41.57142857142857
43.15
43.89473684210526
45.26315789473684
43.94736842105263
41.4
43.10526315789474
45.22222222222222
43.89473684210526
42.095238095238095
42.73684210526316
43.833333333333336
38.333333333333336
41.476190476190474
44.333333333333336
39.27272727272727
45.23529411764706
41.7
42.15
44.05263157894737
36.69565217391305
38.22727272727273
39.0
40.095238095238095
46.611111111111114
38.36363636363637
46.473684210526315
44.111111111111114
43.421052631578945
44.388888888888886
40.8
42.68421052631579
42.26315789473684
42.1
41.7
43.05
41.61904761904762
39.61904761904762
46.333333333333336
40.85
43.1
43.05
44.5
43.9
44.421052631578945
42.0
42.7
40.19047619047619
39.95238095238095
43.1
37.63636363636363
44.77777777777778
43.05555555555556
44.8421052631579
41.15
40.55
42.35
43.611111111111114
42.3
44.166666666666664
43.73684210526316
44.666666666666664
44.68421052631579
47.05555555555556
42.25
39.8
43.1578947368421
42.89473684210526
41.35
45.31578947368421
40.7
42.8
40.523809523809526
41.57142857142857
45.94117647058823
44.473684210526315
43.526315789473685
42.95
43.78947368421053
44.0
42.21052631578947
42.75
44.421052631578945
36.30434782608695
40.857142857142854
44.0
41.36363636363637
38.95238095238095
43.4
43.6
45.94444444444444
40.85
45.166666666666664
39.80952380952381
45.5
41.904761904761905
41.095238095238095
44.21052631578947
43.473684210526315
45.333333333333336
45.1578947368421
42.77777777777778
42.05263157894737
41.526315789473685
43.7
42.1578947368421
41.7
45.578947368421055
42.73684210526316
38.90909090909091
42.31578947368421
44.421052631578945
41.0
41.7
46.388888888888886
38.523809523809526
46.666666666666664
40.54545454545455
45.72222222222222
44.888888888888886
43.63157894736842
46.333333333333336
41.714285714285715
44.111111111111114
44.2
39.45
45.5
46.76470588235294
43.55555555555556
40.0
41.65
46.05555555555556
43.45
45.0
44.21052631578947
45.05263157894737
43.473684210526315
47.64705882352941
45.578947368421055
44.44444444444444
38.391304347826086
42.473684210526315
40.857142857142854
42.2
43.0
37.34782608695652
40.36363636363637
41.6
42.95
40.18181818181818
41.473684210526315
42.21052631578947
45.166666666666664
41.5
44.0
42.78947368421053
36.391304347826086
42.8421052631579
38.130434782608695
42.15
39.095238095238095
38.86363636363637
43.26315789473684
40.0
44.10526315789474
45.10526315789474
40.36363636363637
41.95
41.1
46.22222222222222
41.1
39.55
42.3
40.0
42.65
42.94444444444444
45.05555555555556
45.0
45.611111111111114
45.0
45.10526315789474
41.7
42.75
44.68421052631579
42.8
40.80952380952381
43.578947368421055
46.111111111111114
45.1578947368421
43.3
39.09090909090909
43.666666666666664
46.1764705882353
45.5
37.95454545454545
41.0
44.1578947368421
42.05263157894737
44.95
44.8421052631579
42.05
43.2
46.73684210526316
42.5
44.526315789473685
41.5
42.75
45.45
43.05263157894737
37.72727272727273
44.94736842105263
42.63157894736842
40.89473684210526
42.3
43.611111111111114
40.142857142857146
41.04761904761905
42.95
45.27777777777778
40.04761904761905
43.26315789473684
44.36842105263158
46.473684210526315
42.578947368421055
44.421052631578945
40.42857142857143
42.25
42.63157894736842
43.04761904761905
41.4
45.111111111111114
45.0
41.95
42.21052631578947
39.13636363636363
45.72222222222222
40.6
43.36842105263158
39.82608695652174
41.80952380952381
43.4
40.5
42.476190476190474
37.166666666666664
42.95
45.2
38.04347826086956
44.333333333333336
43.19047619047619
45.526315789473685
39.38095238095238
42.19047619047619
42.1578947368421
43.1
40.42857142857143
45.833333333333336
40.25
41.68421052631579
45.8421052631579
41.1
42.05
43.7
41.65
41.714285714285715
41.75
41.142857142857146
46.111111111111114
45.888888888888886
47.8235294117647
43.1578947368421
41.25
41.473684210526315
44.888888888888886
41.7
40.63636363636363
44.333333333333336
43.35
42.65
40.714285714285715
36.34782608695652
41.80952380952381
42.8
40.42857142857143
42.3
43.75
39.57142857142857
42.6
41.73684210526316
38.857142857142854
38.17391304347826
45.78947368421053
42.3
43.05263157894737
39.904761904761905
41.19047619047619
46.111111111111114
43.31578947368421
41.42857142857143
43.61904761904762
44.7
45.05263157894737
40.54545454545455
41.42857142857143
45.421052631578945
43.73684210526316
44.10526315789474
43.42857142857143
40.714285714285715
47.05555555555556
42.19047619047619
37.17391304347826
42.8
40.142857142857146
43.421052631578945
37.81818181818182
42.714285714285715
43.578947368421055
43.35
37.130434782608695
41.2
39.142857142857146
40.68181818181818
43.05
41.35
42.473684210526315
40.85
41.0
42.526315789473685
42.68421052631579
43.05
42.75
41.142857142857146
42.0
40.0
40.42857142857143
41.55
46.44444444444444
38.27272727272727
34.333333333333336
43.142857142857146
42.45
41.55
40.904761904761905
44.1
44.578947368421055
41.666666666666664
44.05555555555556
42.89473684210526
42.421052631578945
40.90909090909091
46.529411764705884
41.473684210526315
42.85
42.7
44.26315789473684
44.473684210526315
42.476190476190474
41.80952380952381
42.095238095238095
42.77777777777778
44.63157894736842
44.85
44.26315789473684
46.22222222222222
40.857142857142854
41.0
45.10526315789474
41.333333333333336
40.18181818181818
38.041666666666664
43.65
41.4
40.857142857142854
45.1
44.25
44.25
39.31818181818182
39.17391304347826
41.76190476190476
43.0
37.69565217391305
38.0
38.08695652173913
42.3
39.36363636363637
37.43478260869565
38.61904761904762
40.55
40.59090909090909
43.5
38.714285714285715
44.73684210526316
40.095238095238095
44.421052631578945
41.0
43.5
38.30434782608695
39.04545454545455
40.57142857142857
45.833333333333336
38.54545454545455
42.59090909090909
39.27272727272727
38.45454545454545
42.285714285714285
40.04545454545455
38.57142857142857
44.10526315789474
41.80952380952381
43.4
41.38095238095238
44.5
39.81818181818182
43.21052631578947
41.55
37.5
42.89473684210526
42.9
40.31818181818182
37.59090909090909
42.95
39.40909090909091
38.7
39.31818181818182
43.1578947368421
45.2
42.1
42.3
43.9
43.35
44.578947368421055
40.8
42.4
42.8
42.15
39.09090909090909
42.19047619047619
44.89473684210526
39.0
37.43478260869565
44.26315789473684
42.5
44.36842105263158
45.22222222222222
40.59090909090909
43.77777777777778
36.333333333333336
40.63636363636363
40.714285714285715
44.578947368421055
43.2
40.57142857142857
42.2
44.421052631578945
41.75
41.9
44.526315789473685
