39.513816833496094
33.265113830566406
28.57779312133789
36.46493911743164
33.422054290771484
31.465925216674805
29.570085525512695
28.57694435119629
53.63570022583008
26.048633575439453
29.51311492919922
37.39692687988281
29.58737564086914
25.97831153869629
27.982196807861328
23.253616333007812
27.400266647338867
25.175838470458984
27.336530685424805
28.399364471435547
24.42597770690918
27.36452293395996
25.970983505249023
25.772891998291016
24.01702308654785
28.5419979095459
25.948453903198242
34.19154739379883
26.52603530883789
28.199962615966797
24.85704231262207
28.348655700683594
27.541547775268555
30.39891242980957
25.508630752563477
24.673736572265625
28.195650100708008
26.744586944580078
28.89381217956543
27.227859497070312
26.883493423461914
27.584835052490234
26.51816749572754
25.872962951660156
28.159313201904297
27.571250915527344
25.46941375732422
27.89202880859375
29.938308715820312
28.12067222595215
25.714826583862305
26.108013153076172
29.80540657043457
24.84397315979004
27.603422164916992
24.5338134765625
27.733673095703125
26.125818252563477
26.278627395629883
26.563722610473633
28.52364730834961
24.44585609436035
26.155406951904297
32.20713806152344
28.177282333374023
27.627288818359375
25.80568504333496
32.7904167175293
42.5269889831543
26.635026931762695
32.263267517089844
25.71531867980957
31.43804359436035
33.24652862548828
24.406234741210938
30.66863250732422
29.598100662231445
26.59585189819336
27.582916259765625
25.978565216064453
26.14777374267578
26.345556259155273
23.48792839050293
25.674076080322266
25.66446304321289
26.504047393798828
25.669042587280273
26.959209442138672
27.273632049560547
28.865184783935547
28.660573959350586
38.172122955322266
28.15170669555664
24.694000244140625
22.10839080810547
28.915321350097656
28.217084884643555
26.056581497192383
25.400571823120117
26.274818420410156
26.64417266845703
27.855484008789062
24.354219436645508
25.26327133178711
25.96668815612793
24.520538330078125
34.84906768798828
28.96240997314453
30.624250411987305
32.5576171875
27.65230369567871
28.968185424804688
29.02117156982422
36.24823760986328
27.069250106811523
37.471160888671875
29.34416961669922
30.1312313079834
35.557212829589844
26.69499969482422
28.892459869384766
26.224639892578125
31.607572555541992
36.98447036743164
26.25918960571289
34.25416946411133
39.5784912109375
32.767799377441406
28.523725509643555
29.049007415771484
30.903833389282227
39.918365478515625
27.57427978515625
29.8425350189209
29.698190689086914
33.663143157958984
33.823143005371094
35.08357238769531
30.650747299194336
31.061439514160156
32.91890335083008
33.142642974853516
35.50953674316406
36.7279052734375
33.37853240966797
33.43840026855469
42.35527801513672
33.35105895996094
40.619873046875
33.68122482299805
38.44975662231445
36.52950668334961
36.15864562988281
31.1890869140625
39.06719970703125
32.13811492919922
36.81019973754883
36.96827697753906
42.880958557128906
38.26036071777344
40.11678695678711
34.95526885986328
31.44111442565918
37.97103500366211
32.5167350769043
33.399383544921875
33.118343353271484
33.407081604003906
39.74237060546875
43.39532470703125
34.310569763183594
32.83406448364258
26.4415340423584
33.300071716308594
35.19291305541992
35.09426498413086
33.38603591918945
40.157867431640625
37.227657318115234
25.999114990234375
33.59090805053711
31.173038482666016
39.421730041503906
36.17726135253906
30.197763442993164
29.301254272460938
23.679155349731445
32.83800506591797
31.888782501220703
30.88007926940918
27.859088897705078
29.839628219604492
29.648637771606445
34.63433074951172
22.4703426361084
27.333606719970703
31.753341674804688
30.70076560974121
30.76275062561035
29.660741806030273
31.34862518310547
26.273183822631836
32.181556701660156
30.114891052246094
34.32086181640625
26.41551971435547
32.02973556518555
24.305654525756836
31.538959503173828
23.88967514038086
26.902690887451172
21.61823272705078
29.46320343017578
26.32102394104004
22.83119010925293
26.003671646118164
28.116212844848633
27.267240524291992
25.407743453979492
20.35685920715332
27.148595809936523
24.556671142578125
23.148794174194336
18.85797691345215
24.104881286621094
26.258983612060547
25.821231842041016
25.20708465576172
24.40361785888672
26.23175048828125
23.731407165527344
25.346755981445312
26.29974365234375
19.51355743408203
27.421039581298828
18.912527084350586
22.81728172302246
27.465965270996094
26.87131690979004
19.251323699951172
20.898359298706055
18.04586410522461
22.005329132080078
22.660049438476562
22.148296356201172
24.840185165405273
25.131057739257812
17.44121742248535
24.216615676879883
24.248807907104492
21.252788543701172
24.695117950439453
21.912311553955078
23.803091049194336
25.343107223510742
19.914485931396484
20.85538673400879
19.01111602783203
24.51042366027832
17.341838836669922
18.914764404296875
21.968345642089844
17.704450607299805
22.06032371520996
21.559738159179688
21.174671173095703
29.231468200683594
21.473785400390625
16.953184127807617
21.6168270111084
21.079002380371094
16.481740951538086
18.315059661865234
24.667131423950195
21.0225887298584
27.519277572631836
22.501869201660156
19.22127342224121
16.847320556640625
21.862571716308594
18.19780158996582
21.934730529785156
21.380598068237305
23.11749839782715
18.755918502807617
17.909133911132812
17.043546676635742
23.101356506347656
15.683497428894043
28.506389617919922
25.700119018554688
23.43089485168457
17.799833297729492
19.158382415771484
19.895170211791992
20.081501007080078
21.511011123657227
17.28281593322754
23.07115936279297
20.714550018310547
21.08963966369629
19.695018768310547
27.015851974487305
18.818992614746094
27.60196876525879
18.483150482177734
20.96968650817871
20.56534767150879
29.01638412475586
18.508403778076172
21.17805290222168
26.354597091674805
22.654020309448242
17.44403648376465
20.170455932617188
21.87813377380371
22.72442054748535
20.10306739807129
19.870820999145508
27.462413787841797
18.87851905822754
20.503347396850586
22.165294647216797
19.842533111572266
21.53663444519043
18.89414405822754
25.091773986816406
19.16009521484375
17.47034454345703
21.822874069213867
18.778932571411133
21.022920608520508
19.575885772705078
17.868770599365234
24.998565673828125
22.48023223876953
23.395809173583984
19.131736755371094
18.542070388793945
24.015302658081055
21.19654655456543
17.188554763793945
21.567493438720703
19.271488189697266
20.146461486816406
19.91848373413086
17.928369522094727
20.237688064575195
18.16316795349121
19.12540054321289
18.93755340576172
23.99671173095703
25.81622886657715
16.62753677368164
22.94659996032715
18.05923843383789
22.354068756103516
23.505023956298828
17.950212478637695
22.20999526977539
18.923097610473633
17.166446685791016
19.17778778076172
19.471004486083984
16.390865325927734
21.026676177978516
16.023164749145508
19.776538848876953
17.539703369140625
24.60334587097168
18.985715866088867
17.730772018432617
21.9617977142334
20.642988204956055
18.30436897277832
20.17725944519043
17.71577262878418
20.241193771362305
21.01786994934082
17.28875160217285
20.244335174560547
18.886919021606445
17.70162010192871
18.82543182373047
17.157419204711914
17.93051528930664
17.366418838500977
18.185741424560547
17.61504364013672
18.48755645751953
17.772960662841797
20.31211280822754
23.51242446899414
19.541349411010742
13.706466674804688
17.526348114013672
18.197755813598633
19.389785766601562
23.75804901123047
25.18451690673828
20.937015533447266
20.984085083007812
26.426177978515625
22.91031265258789
23.03215217590332
19.61825180053711
20.516868591308594
16.43973159790039
17.32830238342285
21.91368293762207
16.115388870239258
17.231800079345703
22.58669090270996
20.836109161376953
17.470598220825195
16.429302215576172
21.66625213623047
21.30282211303711
20.104358673095703
26.129207611083984
17.833810806274414
20.853740692138672
17.271459579467773
20.393430709838867
14.892012596130371
21.591724395751953
21.338871002197266
19.465757369995117
16.12305450439453
14.662104606628418
17.815120697021484
14.681289672851562
16.366958618164062
16.483600616455078
22.31327247619629
17.955963134765625
18.001787185668945
23.087116241455078
19.874372482299805
20.459104537963867
17.082040786743164
20.4487247467041
19.509721755981445
16.559112548828125
16.43121337890625
16.970476150512695
18.781314849853516
20.93488311767578
17.4685001373291
17.382080078125
18.136194229125977
20.31963348388672
19.43234634399414
16.8758544921875
18.245023727416992
18.852991104125977
16.486764907836914
14.833405494689941
18.880659103393555
17.186674118041992
16.35310935974121
23.462804794311523
17.51872444152832
21.3848934173584
19.278722763061523
19.78011131286621
16.017454147338867
22.544950485229492
17.506845474243164
21.168317794799805
17.75247573852539
20.36524200439453
23.805212020874023
20.562387466430664
21.789257049560547
22.475303649902344
17.112472534179688
21.214677810668945
20.08363914489746
18.78607749938965
17.626853942871094
20.820659637451172
15.626492500305176
16.75676727294922
21.333393096923828
20.893964767456055
16.945959091186523
18.665525436401367
17.448637008666992
15.809353828430176
18.94451141357422
19.396320343017578
16.56745719909668
14.377037048339844
17.932336807250977
19.26522445678711
17.109256744384766
24.681203842163086
24.136775970458984
18.068378448486328
16.442066192626953
21.572214126586914
19.263002395629883
18.876903533935547
16.830509185791016
21.50892448425293
19.288837432861328
16.500558853149414
14.030529022216797
21.962345123291016
17.465408325195312
18.110179901123047
21.89293098449707
17.29442596435547
18.672164916992188
20.426544189453125
17.247295379638672
22.830289840698242
21.48505210876465
20.030364990234375
18.02066421508789
22.03972816467285
19.440919876098633
21.392772674560547
17.4429874420166
16.88279914855957
19.69518280029297
20.60839080810547
19.796398162841797
18.728994369506836
21.8430118560791
17.564189910888672
17.97551918029785
17.740060806274414
18.97057342529297
17.45624542236328
17.947553634643555
19.237558364868164
19.155689239501953
17.937801361083984
17.675769805908203
18.022315979003906
20.111364364624023
22.799278259277344
26.333410263061523
21.218957901000977
14.808725357055664
22.925798416137695
18.505403518676758
16.071992874145508
17.28976058959961
21.886146545410156
23.307270050048828
19.498249053955078
20.306297302246094
17.863239288330078
19.125186920166016
20.442720413208008
18.752887725830078
15.90695571899414
17.844886779785156
17.15567398071289
19.805030822753906
17.488157272338867
23.378662109375
19.672195434570312
24.19378662109375
19.886384963989258
19.251901626586914
20.92498016357422
23.215824127197266
17.723588943481445
19.805524826049805
16.552942276000977
20.80365562438965
15.250109672546387
14.705215454101562
20.08785057067871
19.32559585571289
19.484933853149414
20.322277069091797
15.993581771850586
16.169788360595703
20.016809463500977
21.58713722229004
18.712753295898438
23.42110252380371
24.21758460998535
17.99606704711914
18.7157039642334
18.902055740356445
17.965408325195312
16.29627227783203
19.13095474243164
21.024438858032227
21.387731552124023
19.059764862060547
20.507953643798828
22.497867584228516
17.882516860961914
16.848262786865234
18.04668617248535
19.657129287719727
19.154237747192383
17.26678466796875
21.850278854370117
18.318199157714844
22.29909324645996
19.350749969482422
18.746320724487305
17.862632751464844
19.771387100219727
24.077428817749023
19.10599708557129
15.114433288574219
20.095916748046875
20.852657318115234
20.52596092224121
22.956119537353516
18.087215423583984
23.404483795166016
17.20488739013672
19.80304527282715
20.812692642211914
18.082502365112305
16.57480812072754
18.723413467407227
23.44090461730957
20.34571647644043
20.272384643554688
20.00603675842285
21.492271423339844
19.847087860107422
20.694133758544922
20.571455001831055
19.442432403564453
23.41230010986328
17.03009033203125
21.026933670043945
22.188888549804688
16.326318740844727
19.914546966552734
22.299663543701172
14.920392990112305
17.83917999267578
22.35706901550293
20.06147575378418
22.38656234741211
19.26747703552246
16.83635711669922
17.052490234375
24.3419189453125
18.510156631469727
15.581878662109375
18.6785945892334
16.155960083007812
21.26114845275879
18.147308349609375
21.5762996673584
17.26534080505371
18.771677017211914
21.245254516601562
18.664926528930664
17.959909439086914
20.868236541748047
19.576419830322266
17.895570755004883
18.49076271057129
15.39165210723877
16.77254295349121
21.029035568237305
19.82335662841797
19.351512908935547
19.38486099243164
22.01976776123047
19.67265510559082
17.789478302001953
17.978923797607422
16.411884307861328
23.704023361206055
21.985759735107422
19.613082885742188
20.421518325805664
14.856858253479004
15.995217323303223
20.2275333404541
14.306434631347656
20.11948585510254
24.023113250732422
21.460954666137695
19.08783721923828
20.2469539642334
23.346359252929688
18.848995208740234
15.80057144165039
21.85826301574707
18.88207244873047
23.206026077270508
18.220918655395508
19.674631118774414
23.222564697265625
21.232074737548828
24.964588165283203
17.49359703063965
21.12009620666504
17.382028579711914
17.961565017700195
17.019086837768555
19.77510643005371
17.019916534423828
19.164318084716797
28.21609115600586
19.912263870239258
21.099435806274414
20.0733585357666
19.63211441040039
16.84565544128418
22.856746673583984
24.37092399597168
17.226585388183594
24.60820960998535
15.486568450927734
20.895198822021484
16.597084045410156
20.17452621459961
20.59685707092285
18.98854637145996
15.95134449005127
16.26914405822754
20.054668426513672
21.27162742614746
23.339248657226562
15.0950345993042
16.670515060424805
20.848724365234375
18.030691146850586
24.8406982421875
18.50213050842285
21.4632568359375
23.18720245361328
19.507366180419922
17.363439559936523
20.71143341064453
20.08672332763672
20.81379508972168
20.823680877685547
20.899259567260742
23.593488693237305
16.583038330078125
18.685239791870117
19.277883529663086
16.061363220214844
19.297212600708008
22.488889694213867
19.40615463256836
18.992525100708008
19.487255096435547
18.23187255859375
16.958568572998047
22.490503311157227
20.038246154785156
16.57785415649414
21.086732864379883
20.945484161376953
20.180700302124023
21.432411193847656
17.757524490356445
18.821420669555664
18.322265625
22.192426681518555
16.94803237915039
20.884952545166016
17.50292205810547
20.15508460998535
20.68976402282715
20.21603775024414
16.676631927490234
20.374343872070312
25.449512481689453
21.443326950073242
23.185009002685547
19.782459259033203
19.265623092651367
20.76744270324707
27.513286590576172
23.20834732055664
18.16818618774414
19.779829025268555
20.753782272338867
18.29507827758789
16.619138717651367
16.160778045654297
20.259580612182617
16.894489288330078
17.7373104095459
17.37745475769043
21.817602157592773
23.248111724853516
18.382230758666992
16.17729377746582
16.904804229736328
19.747251510620117
17.614721298217773
17.767789840698242
24.798173904418945
19.327587127685547
18.488178253173828
16.389490127563477
20.673877716064453
17.35892105102539
22.122785568237305
18.211605072021484
18.919906616210938
24.79652976989746
17.09309196472168
21.886131286621094
18.336938858032227
17.418533325195312
22.418277740478516
23.23725700378418
17.888362884521484
16.42329216003418
18.966514587402344
18.281522750854492
18.52838897705078
20.7568359375
16.743431091308594
20.771516799926758
16.540807723999023
17.950538635253906
19.17201805114746
19.59687614440918
17.45446014404297
15.813304901123047
25.096166610717773
19.370800018310547
16.98401641845703
18.41427993774414
18.487577438354492
17.80999755859375
20.5441951751709
15.604915618896484
24.28202247619629
16.743112564086914
19.6597957611084
16.882944107055664
22.658039093017578
19.72232437133789
14.250015258789062
18.365556716918945
23.89463996887207
18.770069122314453
16.986164093017578
19.973480224609375
20.000200271606445
18.34438133239746
20.082792282104492
20.728717803955078
17.26953125
19.539474487304688
19.369325637817383
19.093313217163086
19.184072494506836
19.41322898864746
22.090181350708008
19.90102767944336
20.951147079467773
19.66832160949707
20.281633377075195
20.693635940551758
19.114883422851562
17.958969116210938
18.51245880126953
14.691298484802246
18.446571350097656
21.350269317626953
16.487285614013672
21.145401000976562
19.45517921447754
20.814104080200195
20.45085334777832
19.119211196899414
16.611913681030273
19.321144104003906
22.129066467285156
15.468137741088867
21.802879333496094
20.643035888671875
20.076139450073242
16.35657501220703
18.60416030883789
17.738039016723633
13.839081764221191
19.18375015258789
19.22976303100586
20.37464141845703
17.677085876464844
24.227813720703125
24.169879913330078
17.058204650878906
17.657733917236328
17.697032928466797
19.087583541870117
22.199296951293945
18.130420684814453
14.632242202758789
18.626340866088867
18.836484909057617
15.914846420288086
20.092172622680664
17.239213943481445
17.037996292114258
18.90863800048828
18.627500534057617
17.847158432006836
17.831113815307617
19.218027114868164
20.64642333984375
20.8409481048584
17.512733459472656
18.746234893798828
19.757549285888672
22.362119674682617
22.54595375061035
21.40455436706543
23.243568420410156
16.442113876342773
17.310922622680664
23.38793182373047
20.778133392333984
17.028173446655273
22.68130874633789
20.16021156311035
20.50516128540039
20.293210983276367
20.29283332824707
19.69803237915039
18.226287841796875
17.852733612060547
14.000022888183594
19.06163215637207
19.02691078186035
20.456340789794922
20.067594528198242
20.885189056396484
18.832866668701172
20.24068260192871
19.7028865814209
16.486055374145508
21.419736862182617
17.641700744628906
18.905797958374023
25.602924346923828
19.20439338684082
20.215482711791992
17.852720260620117
20.1816349029541
21.022192001342773
21.21830177307129
18.77495002746582
17.370616912841797
19.259496688842773
16.99863624572754
24.354534149169922
18.55637550354004
17.6285457611084
17.482036590576172
18.095104217529297
18.025346755981445
16.172367095947266
19.073110580444336
19.14259147644043
20.01955795288086
15.891504287719727
18.743682861328125
17.529930114746094
19.154064178466797
20.030384063720703
21.057479858398438
19.370342254638672
17.81926727294922
20.479822158813477
22.432579040527344
22.81057357788086
20.006071090698242
19.260610580444336
16.84453773498535
17.98250961303711
19.407054901123047
20.748056411743164
21.294458389282227
20.003679275512695
19.44280242919922
19.639928817749023
18.70313835144043
20.25631332397461
17.74030876159668
21.685327529907227
17.820920944213867
16.842571258544922
17.692306518554688
17.467164993286133
16.982023239135742
24.446996688842773
20.718610763549805
22.08421516418457
16.74419593811035
21.01409149169922
18.95104217529297
20.465423583984375
22.545686721801758
18.711650848388672
23.03609848022461
22.86637306213379
21.59028434753418
19.791706085205078
24.244747161865234
20.1533203125
20.812671661376953
20.98215103149414
19.251914978027344
21.296815872192383
24.21921157836914
20.84759521484375
19.980348587036133
20.601974487304688
19.1751708984375
21.63594627380371
15.360833168029785
15.1106595993042
23.190948486328125
18.09779167175293
16.660480499267578
20.045291900634766
19.210847854614258
22.545583724975586
17.02657699584961
25.63169288635254
21.064023971557617
20.295940399169922
21.668127059936523
16.247920989990234
19.516576766967773
15.732114791870117
24.1610050201416
20.782203674316406
17.946998596191406
17.819589614868164
22.165035247802734
20.22958755493164
17.686227798461914
16.08494758605957
17.973377227783203
19.430334091186523
18.80272674560547
18.666671752929688
23.854087829589844
21.464584350585938
18.95226287841797
15.797319412231445
20.433820724487305
19.027339935302734
21.234682083129883
22.382417678833008
18.835695266723633
22.752548217773438
18.13863182067871
25.141122817993164
18.282804489135742
19.22545051574707
22.431602478027344
23.96441078186035
19.454593658447266
21.244192123413086
20.736417770385742
21.068464279174805
19.59181785583496
18.390684127807617
17.709293365478516
22.161701202392578
14.411917686462402
17.473251342773438
22.878950119018555
24.394760131835938
19.772653579711914
19.558212280273438
19.582061767578125
24.33654022216797
19.126237869262695
18.9702091217041
18.787328720092773
17.482051849365234
14.045140266418457
15.310693740844727
18.893375396728516
17.335561752319336
18.107215881347656
19.013402938842773
19.036636352539062
21.4173526763916
17.337778091430664
19.901273727416992
22.456260681152344
12.365762710571289
19.32265853881836
20.368488311767578
19.183454513549805
19.972129821777344
18.876388549804688
18.62627601623535
19.122867584228516
16.83799934387207
19.764860153198242
18.45957374572754
19.021352767944336
17.826553344726562
21.270910263061523
20.939048767089844
18.29550552368164
18.22416114807129
17.87712860107422
17.349510192871094
21.40534019470215
21.455123901367188
21.409822463989258
13.754288673400879
18.291873931884766
19.714351654052734
19.147796630859375
20.601741790771484
19.249156951904297
17.275543212890625
17.422569274902344
19.165475845336914
20.77591896057129
24.706371307373047
18.966968536376953
19.759750366210938
18.156841278076172
25.74732208251953
18.984033584594727
20.911720275878906
19.868518829345703
20.051424026489258
17.12213897705078
20.225950241088867
19.038816452026367
18.241395950317383
17.680761337280273
21.57023811340332
18.045515060424805
22.292707443237305
20.736526489257812
20.948991775512695
20.40180206298828
23.454092025756836
18.734647750854492
20.552295684814453
23.82433319091797
21.507675170898438
18.034442901611328
19.225858688354492
21.022207260131836
18.38990592956543
16.323354721069336
19.812437057495117
20.126039505004883
15.982544898986816
18.342374801635742
21.380859375
21.59457778930664
23.75068473815918
24.894020080566406
19.628053665161133
20.398700714111328
18.546457290649414
17.42645835876465
20.481304168701172
20.693696975708008
20.379302978515625
20.155553817749023
20.59558868408203
24.2746639251709
23.198518753051758
18.583614349365234
22.681987762451172
17.226062774658203
25.505207061767578
22.80624771118164
19.120210647583008
16.493438720703125
19.95197105407715
19.2354736328125
19.583345413208008
17.856388092041016
20.765005111694336
17.83954429626465
22.327425003051758
15.457385063171387
18.605480194091797
20.430879592895508
15.534307479858398
20.835126876831055
16.4134521484375
22.11659812927246
21.645597457885742
21.138593673706055
21.027584075927734
19.82965087890625
16.260469436645508
21.459489822387695
16.633625030517578
20.675256729125977
19.866783142089844
14.682233810424805
17.98564338684082
22.251428604125977
17.015914916992188
23.561132431030273
24.18903350830078
19.862667083740234
22.919466018676758
18.000181198120117
15.430789947509766
20.58325958251953
17.266090393066406
14.93077278137207
19.575227737426758
21.292585372924805
14.576920509338379
21.67951202392578
21.536991119384766
18.43315887451172
18.876745223999023
21.905860900878906
18.763975143432617
21.535287857055664
19.592836380004883
21.868135452270508
17.965171813964844
15.048778533935547
17.703636169433594
19.876405715942383
15.109071731567383
16.757118225097656
18.763498306274414
19.703102111816406
17.502193450927734
19.30339241027832
22.704904556274414
21.81726837158203
18.708425521850586
20.238645553588867
16.96041488647461
22.327518463134766
22.025949478149414
19.832441329956055
19.569313049316406
19.391260147094727
16.946388244628906
21.06755828857422
23.4058895111084
18.87393569946289
23.39419937133789
20.42856216430664
21.05152702331543
21.790170669555664
18.528913497924805
22.249879837036133
23.872390747070312
21.39822006225586
16.97732925415039
18.37722396850586
18.639366149902344
18.322708129882812
15.295624732971191
18.9533748626709
25.376873016357422
19.321216583251953
16.559473037719727
21.354402542114258
22.871301651000977
20.201993942260742
22.318031311035156
21.065828323364258
19.030059814453125
15.743217468261719
17.30912208557129
14.866151809692383
25.926624298095703
22.748779296875
17.074783325195312
19.116846084594727
20.383697509765625
22.130840301513672
15.615321159362793
19.307903289794922
16.98337173461914
20.901756286621094
24.549734115600586
16.95720100402832
22.08990478515625
16.470428466796875
19.50752830505371
20.2356014251709
21.622539520263672
17.385583877563477
18.821950912475586
22.730926513671875
23.493093490600586
20.916074752807617
15.470660209655762
23.366352081298828
19.998207092285156
17.12751007080078
18.17882537841797
21.227367401123047
21.756778717041016
19.642568588256836
22.177427291870117
17.697708129882812
20.790897369384766
21.688251495361328
22.53982925415039
20.599788665771484
19.840547561645508
20.238828659057617
19.994577407836914
20.30141258239746
23.002717971801758
18.10454750061035
20.090911865234375
19.210208892822266
21.534143447875977
22.60732650756836
22.24288558959961
20.908092498779297
25.494035720825195
22.669641494750977
26.694324493408203
21.437660217285156
17.616941452026367
23.258155822753906
24.04574966430664
26.839750289916992
19.69122314453125
21.211585998535156
22.273761749267578
17.56519889831543
23.72153091430664
18.932802200317383
16.7740478515625
22.4564266204834
18.66664695739746
16.77567481994629
16.25322151184082
15.220601081848145
23.38055419921875
19.989364624023438
17.089279174804688
16.391075134277344
19.06056785583496
18.28875732421875
21.800907135009766
19.442672729492188
19.83167266845703
22.73952293395996
20.789264678955078
20.508026123046875
17.912691116333008
23.276386260986328
21.296567916870117
19.419279098510742
15.648964881896973
20.22481918334961
18.310766220092773
17.036611557006836
21.899734497070312
19.96504783630371
20.639293670654297
19.997234344482422
22.2623291015625
21.336650848388672
21.222280502319336
18.161027908325195
20.063928604125977
23.953866958618164
18.876550674438477
21.00636863708496
27.537702560424805
18.441068649291992
22.24239730834961
21.11886215209961
30.496280670166016
19.616867065429688
21.35753059387207
21.936431884765625
20.909765243530273
19.79821014404297
21.84866714477539
22.850950241088867
20.754396438598633
18.56560707092285
22.102306365966797
20.985836029052734
19.29106903076172
17.31743621826172
24.71412467956543
22.22113800048828
19.86147689819336
21.37195587158203
21.42293930053711
19.897005081176758
24.66374397277832
22.19995880126953
18.783493041992188
23.958696365356445
22.35985565185547
19.374584197998047
23.450424194335938
17.24193572998047
21.782176971435547
23.950220108032227
24.434640884399414
22.800172805786133
22.01445960998535
22.649463653564453
21.640865325927734
20.873952865600586
22.900985717773438
18.921703338623047
25.205839157104492
19.92375373840332
24.065244674682617
19.639137268066406
21.139156341552734
20.310611724853516
19.52851676940918
23.28870964050293
24.96295928955078
21.329498291015625
20.05780792236328
20.140705108642578
21.17049789428711
21.42754554748535
23.364221572875977
19.4808406829834
23.947368621826172
18.89592933654785
19.560260772705078
22.148040771484375
24.65631866455078
22.11803436279297
22.926353454589844
17.82159423828125
21.682729721069336
21.994157791137695
23.011653900146484
20.31281089782715
21.523853302001953
21.428611755371094
21.405969619750977
28.52069854736328
27.83436393737793
19.74302101135254
22.556564331054688
21.791921615600586
19.031051635742188
25.7441349029541
24.11857795715332
17.82542610168457
26.11874008178711
19.86765480041504
21.11448860168457
24.436969757080078
24.008413314819336
22.02304458618164
21.343477249145508
23.535123825073242
25.811683654785156
25.578725814819336
21.601280212402344
22.040834426879883
27.840681076049805
21.117773056030273
22.761552810668945
21.454269409179688
18.462154388427734
25.119430541992188
23.86425018310547
25.275636672973633
29.214126586914062
18.827898025512695
20.300790786743164
20.132539749145508
22.21242332458496
24.65191650390625
28.053476333618164
26.563749313354492
20.740373611450195
23.78009605407715
22.612041473388672
16.955585479736328
28.038497924804688
22.934728622436523
24.047056198120117
20.19148063659668
26.60332679748535
28.210622787475586
22.705501556396484
23.093597412109375
24.27606201171875
26.43132972717285
28.36274528503418
24.504541397094727
21.99984359741211
23.926185607910156
23.472110748291016
20.197071075439453
20.3388614654541
26.667095184326172
16.97902488708496
20.369783401489258
23.982807159423828
24.543058395385742
21.863262176513672
21.107118606567383
23.986120223999023
22.76109504699707
28.90597915649414
26.280241012573242
24.97196388244629
26.929677963256836
27.953933715820312
25.31494903564453
27.483129501342773
29.890378952026367
23.357711791992188
22.565095901489258
24.97249412536621
27.784259796142578
27.05966567993164
22.688411712646484
21.380578994750977
26.342187881469727
23.28588104248047
25.20427131652832
30.897031784057617
24.03387451171875
25.219482421875
26.40250587463379
24.856307983398438
25.43658447265625
24.920000076293945
18.414321899414062
18.79078483581543
28.837512969970703
22.955963134765625
21.333662033081055
27.206552505493164
26.615516662597656
22.74183464050293
26.802852630615234
23.262470245361328
22.92269515991211
27.044057846069336
24.72858238220215
23.0446720123291
32.52598571777344
24.497831344604492
20.8128719329834
22.72426986694336
20.750139236450195
23.9542236328125
22.97907066345215
29.7324161529541
22.94776725769043
28.457185745239258
27.109556198120117
26.709426879882812
24.7753849029541
29.39393424987793
23.352764129638672
26.367238998413086
24.542400360107422
22.53516960144043
27.330636978149414
22.191722869873047
21.77423858642578
23.69053077697754
23.4420166015625
25.165464401245117
25.783287048339844
21.46258544921875
28.50128746032715
26.000274658203125
18.62615203857422
26.9539852142334
24.268465042114258
20.2020206451416
23.174230575561523
22.27646255493164
26.45374870300293
26.35795783996582
26.619861602783203
24.92266845703125
27.713848114013672
25.50345230102539
27.665559768676758
23.74496841430664
21.727863311767578
26.08078956604004
25.440200805664062
23.127471923828125
20.223777770996094
25.354454040527344
24.331302642822266
21.386505126953125
29.912519454956055
25.78424644470215
22.53272819519043
23.207895278930664
22.791847229003906
27.06810188293457
23.867435455322266
28.146936416625977
20.86391830444336
24.070863723754883
29.111494064331055
20.83641815185547
27.475854873657227
22.030256271362305
25.794639587402344
25.997779846191406
25.39749526977539
22.324731826782227
28.035207748413086
26.614748001098633
25.151269912719727
28.132761001586914
26.378000259399414
27.334428787231445
24.883052825927734
21.895715713500977
24.96533203125
27.088415145874023
28.046403884887695
26.121986389160156
31.90320587158203
22.61911964416504
21.50933074951172
27.11202049255371
28.344024658203125
28.320322036743164
27.23113441467285
18.108736038208008
26.950326919555664
21.375625610351562
22.70919418334961
22.745418548583984
21.165355682373047
20.5955867767334
20.783924102783203
26.279495239257812
22.569169998168945
25.809633255004883
21.95633888244629
21.879894256591797
20.192676544189453
23.412586212158203
19.255767822265625
24.936717987060547
23.233537673950195
20.59502410888672
27.21625328063965
30.90387535095215
24.640357971191406
21.235118865966797
24.550676345825195
29.018362045288086
28.833480834960938
24.977569580078125
29.995182037353516
25.073909759521484
27.472820281982422
29.00587272644043
29.21468734741211
25.98615264892578
29.256900787353516
24.875526428222656
23.29387092590332
26.481149673461914
28.811147689819336
27.693225860595703
27.332202911376953
25.70362091064453
21.82089614868164
24.932819366455078
28.183448791503906
24.325542449951172
25.89634132385254
27.459850311279297
23.334749221801758
34.735687255859375
28.600448608398438
23.666481018066406
26.531782150268555
24.678476333618164
29.58428192138672
25.119136810302734
33.83287811279297
25.02102279663086
24.397859573364258
20.90948486328125
25.13561248779297
28.290008544921875
28.295745849609375
28.512767791748047
23.43202018737793
24.833370208740234
30.90863609313965
25.26486587524414
32.40631103515625
33.7323112487793
29.333887100219727
26.0504093170166
25.666776657104492
27.65538215637207
23.877290725708008
22.97591781616211
29.244335174560547
28.15540885925293
27.98029136657715
25.17820167541504
32.84706497192383
32.660396575927734
28.17644691467285
25.138933181762695
25.281707763671875
30.964763641357422
31.17266273498535
31.29736328125
24.874799728393555
23.96221923828125
32.403804779052734
24.44203758239746
25.05548667907715
28.0710506439209
35.987464904785156
24.38303565979004
25.348634719848633
29.34547996520996
23.627540588378906
22.57389259338379
31.810394287109375
27.843923568725586
30.034021377563477
29.879337310791016
27.421199798583984
22.99590492248535
26.252704620361328
23.931407928466797
31.451946258544922
26.392078399658203
23.69132423400879
27.05471420288086
32.70003890991211
25.375595092773438
23.54814910888672
28.89120864868164
27.905906677246094
30.80926513671875
31.408918380737305
31.217287063598633
31.792665481567383
32.93315505981445
34.89994430541992
33.49019241333008
30.79962730407715
35.40473937988281
22.509326934814453
26.40201759338379
30.818208694458008
26.52904510498047
25.22602081298828
27.137117385864258
26.86532974243164
31.453046798706055
31.477792739868164
32.9589958190918
27.318622589111328
30.539907455444336
25.766666412353516
25.0335636138916
21.021163940429688
29.03595542907715
31.886552810668945
37.411842346191406
28.4560489654541
30.52945327758789
28.879602432250977
29.23362922668457
26.808853149414062
31.251611709594727
31.04004669189453
27.184171676635742
31.158153533935547
27.79107666015625
28.0439395904541
25.488924026489258
32.1402587890625
37.11200714111328
29.961597442626953
29.346643447875977
25.107650756835938
27.88335418701172
27.570554733276367
31.752517700195312
27.694011688232422
31.95219612121582
31.861204147338867
32.35466003417969
37.212242126464844
29.882482528686523
33.04182815551758
27.880830764770508
28.008472442626953
25.985855102539062
29.965946197509766
29.912334442138672
32.618614196777344
28.82529640197754
30.852075576782227
27.009361267089844
27.61208152770996
23.916791915893555
32.4545783996582
30.27884864807129
32.31560516357422
25.868915557861328
29.063793182373047
29.400699615478516
30.704578399658203
27.942157745361328
31.214834213256836
33.72087860107422
31.988195419311523
32.31795883178711
28.875608444213867
28.350296020507812
32.98032760620117
32.142616271972656
27.896652221679688
34.45342254638672
20.76690101623535
26.87898063659668
25.75534439086914
40.711612701416016
27.833335876464844
28.524581909179688
32.75446701049805
27.969287872314453
30.679279327392578
32.137298583984375
24.792156219482422
29.59977149963379
29.135093688964844
26.08745765686035
29.90869903564453
31.592952728271484
28.520858764648438
28.874740600585938
24.417373657226562
24.877479553222656
30.521554946899414
23.129505157470703
30.0841064453125
28.26759147644043
25.526395797729492
28.590038299560547
25.653127670288086
29.032398223876953
31.067564010620117
24.846731185913086
30.653223037719727
39.20038604736328
28.191268920898438
27.2491512298584
26.315444946289062
26.35659408569336
28.786800384521484
26.64132308959961
27.376005172729492
29.519620895385742
27.89046287536621
29.554109573364258
29.86957359313965
24.03658103942871
30.82778549194336
30.663331985473633
26.10276222229004
24.716938018798828
30.321237564086914
29.07227325439453
29.55609893798828
25.811471939086914
25.727354049682617
28.007036209106445
41.79859924316406
33.40715789794922
26.63675308227539
26.995607376098633
30.56166648864746
31.178133010864258
32.07355499267578
36.99462127685547
26.14862060546875
30.02781105041504
27.13250732421875
24.23177719116211
27.564655303955078
31.267690658569336
29.118858337402344
23.835956573486328
32.18949508666992
37.98714828491211
26.1404972076416
29.03043556213379
32.59819793701172
35.1981086730957
28.13199806213379
25.47037124633789
31.60820960998535
30.83098030090332
38.32857131958008
32.07282638549805
28.904926300048828
32.77496337890625
36.48871994018555
30.088443756103516
26.862030029296875
27.36781120300293
28.963741302490234
32.48155212402344
29.438655853271484
26.52776527404785
32.29283905029297
30.801528930664062
35.595741271972656
31.02855110168457
35.48545837402344
28.64690589904785
33.65242004394531
31.906930923461914
32.895633697509766
28.77322006225586
33.31407165527344
32.40669250488281
26.02519989013672
25.900802612304688
30.492883682250977
29.653629302978516
31.282167434692383
32.09071731567383
25.56224822998047
27.450349807739258
31.693675994873047
28.381845474243164
32.008331298828125
27.804941177368164
26.309295654296875
26.565399169921875
32.42778778076172
28.516094207763672
27.282480239868164
35.176185607910156
29.8206844329834
34.72399139404297
34.49869155883789
29.432857513427734
33.94655990600586
33.407798767089844
28.346426010131836
28.860984802246094
25.95187759399414
35.220279693603516
28.823486328125
33.16490173339844
32.67469024658203
33.58605194091797
37.970027923583984
34.91614532470703
30.642532348632812
28.1079044342041
26.92570686340332
29.229860305786133
31.415420532226562
34.045387268066406
34.32664108276367
28.622512817382812
32.8807258605957
38.077388763427734
36.84656524658203
25.156591415405273
25.900938034057617
28.924100875854492
32.14583206176758
25.282934188842773
32.77584457397461
34.40239715576172
32.672969818115234
38.4979248046875
21.33381462097168
29.91623878479004
28.977121353149414
26.23171043395996
32.33285140991211
30.761775970458984
25.570903778076172
27.3936710357666
31.73379898071289
35.11798095703125
26.718250274658203
29.87026023864746
30.897953033447266
28.328964233398438
38.83672332763672
31.259780883789062
29.153087615966797
32.23404312133789
31.077434539794922
27.34770393371582
31.377595901489258
35.02919006347656
30.457929611206055
32.2341423034668
30.2800235748291
32.713623046875
28.694355010986328
31.466182708740234
27.189863204956055
29.739473342895508
30.032554626464844
29.863632202148438
28.910602569580078
25.595577239990234
26.060165405273438
25.650409698486328
30.273677825927734
31.35149574279785
30.87826919555664
30.283781051635742
26.815107345581055
27.666311264038086
28.67940330505371
27.494338989257812
29.428430557250977
27.8166446685791
27.885276794433594
27.180757522583008
28.098472595214844
32.643524169921875
30.274368286132812
28.54364013671875
31.21875762939453
30.99741554260254
29.451364517211914
27.708168029785156
32.014923095703125
31.3238582611084
29.83846664428711
30.148839950561523
33.93685531616211
29.91320037841797
35.334686279296875
33.312767028808594
26.819055557250977
29.82260513305664
30.139917373657227
30.479368209838867
23.885574340820312
25.670560836791992
24.4056339263916
35.673221588134766
32.91659927368164
32.046566009521484
26.235401153564453
35.049007415771484
30.85732078552246
25.066240310668945
27.86115837097168
38.16935729980469
28.39261245727539
26.12932014465332
25.56382179260254
26.01898193359375
28.30023956298828
34.169734954833984
30.91997718811035
32.25151824951172
33.20473861694336
25.59230613708496
26.724172592163086
33.14508819580078
26.123455047607422
36.71047592163086
32.9953498840332
28.44953155517578
35.68035125732422
34.23481369018555
27.849313735961914
29.438980102539062
30.22104835510254
29.67308235168457
30.375591278076172
29.920188903808594
31.147756576538086
31.734264373779297
28.125900268554688
27.010255813598633
35.574310302734375
25.89862632751465
32.48832702636719
29.372220993041992
29.765291213989258
29.546422958374023
34.524749755859375
28.170108795166016
34.812255859375
30.126270294189453
30.73358154296875
32.434425354003906
27.152463912963867
28.81081199645996
33.551368713378906
32.8818244934082
27.28766632080078
45.815086364746094
32.31640625
28.40983009338379
25.753765106201172
25.16702651977539
27.76202964782715
28.24760627746582
29.700536727905273
29.210649490356445
39.35722351074219
31.760643005371094
30.101747512817383
27.14995002746582
31.004840850830078
32.87617492675781
29.601926803588867
35.49190139770508
28.198932647705078
30.49651336669922
30.943437576293945
33.7863883972168
29.675004959106445
29.605615615844727
34.271575927734375
23.30904769897461
27.99432373046875
27.273761749267578
34.858951568603516
23.89958953857422
29.0064640045166
28.93580436706543
27.233623504638672
30.54159164428711
26.826162338256836
24.96920394897461
31.267681121826172
32.220985412597656
24.735179901123047
25.827795028686523
39.11835479736328
34.799869537353516
27.461910247802734
35.9592399597168
25.892845153808594
25.376859664916992
29.99842071533203
30.53177833557129
28.68566131591797
29.02207374572754
38.630699157714844
29.254840850830078
27.86398696899414
23.098461151123047
31.28041648864746
29.969684600830078
33.83778381347656
30.631467819213867
33.05610275268555
29.908735275268555
25.35315704345703
31.934188842773438
25.554336547851562
28.52783966064453
37.51417541503906
29.92794418334961
28.51446533203125
23.078161239624023
25.412012100219727
30.498443603515625
28.070465087890625
30.686725616455078
29.108556747436523
29.283876419067383
30.65584945678711
29.322420120239258
37.46182632446289
26.576433181762695
36.37899398803711
36.074161529541016
34.55183792114258
27.377628326416016
28.03326988220215
36.208560943603516
31.648967742919922
25.819414138793945
27.701343536376953
31.792438507080078
27.735620498657227
34.1114387512207
33.773075103759766
29.723695755004883
25.434118270874023
29.418609619140625
27.64644432067871
25.135183334350586
27.36423683166504
27.74222183227539
30.772356033325195
28.91436195373535
25.203378677368164
28.919065475463867
26.05474853515625
29.77676773071289
33.808448791503906
30.0799617767334
30.807411193847656
29.756332397460938
21.82555389404297
22.732683181762695
33.921295166015625
29.308731079101562
24.187732696533203
35.359981536865234
28.498367309570312
26.251018524169922
33.682579040527344
33.30483627319336
31.870616912841797
36.361610412597656
28.673044204711914
32.25830078125
29.1641902923584
27.911823272705078
28.791643142700195
27.437610626220703
29.420459747314453
29.043516159057617
27.841167449951172
27.05885124206543
26.151445388793945
35.78419876098633
26.247713088989258
27.095657348632812
32.20696258544922
29.93256187438965
32.98737335205078
28.950971603393555
37.269935607910156
31.07893943786621
27.146039962768555
24.384296417236328
35.18592071533203
29.193449020385742
25.740684509277344
25.172874450683594
28.859508514404297
30.009765625
32.42633056640625
26.868650436401367
28.20969581604004
33.48863220214844
27.828535079956055
25.956937789916992
27.511621475219727
35.09217071533203
26.897172927856445
31.252294540405273
30.441720962524414
27.562410354614258
30.608951568603516
27.46169662475586
32.11886215209961
24.922855377197266
33.32389450073242
22.777647018432617
23.55284881591797
26.393455505371094
26.0418643951416
28.823177337646484
25.567195892333984
31.332916259765625
35.65773010253906
34.64888381958008
30.464691162109375
28.780988693237305
23.67899513244629
35.00613021850586
28.87706756591797
28.92940330505371
38.18263626098633
25.93892478942871
34.01759338378906
40.350494384765625
27.149030685424805
29.00200080871582
24.536283493041992
22.550729751586914
25.214801788330078
28.869855880737305
24.087181091308594
27.772367477416992
27.72600746154785
30.20591163635254
26.258176803588867
31.344249725341797
31.50040626525879
28.83714485168457
31.876480102539062
28.315706253051758
33.34589767456055
29.78347396850586
25.490110397338867
30.21457862854004
25.919387817382812
32.609375
30.244216918945312
33.006771087646484
32.78636169433594
27.757436752319336
33.352142333984375
27.132465362548828
28.83527374267578
31.26607322692871
28.49032211303711
27.117509841918945
31.83966064453125
31.94124984741211
36.19328689575195
32.049312591552734
30.990306854248047
28.43372344970703
28.33188819885254
26.448883056640625
29.278310775756836
36.79071807861328
32.81958770751953
29.622848510742188
30.12161636352539
30.172597885131836
25.472000122070312
30.030292510986328
33.96235275268555
32.105804443359375
28.390426635742188
29.674741744995117
30.602497100830078
29.866783142089844
27.506969451904297
31.927621841430664
29.584257125854492
29.29946517944336
24.238597869873047
32.08113098144531
27.097217559814453
29.446924209594727
29.734363555908203
31.387657165527344
26.833389282226562
27.875598907470703
37.885189056396484
33.4150505065918
35.29890823364258
29.17694091796875
40.55217742919922
28.832149505615234
35.414703369140625
27.080936431884766
32.91328430175781
32.14558410644531
25.668420791625977
27.758310317993164
29.59546661376953
33.19196319580078
28.2890682220459
23.981689453125
32.50514602661133
30.078855514526367
25.63805389404297
31.4827823638916
29.50705909729004
39.5734748840332
34.21052551269531
28.750961303710938
29.948137283325195
31.53693962097168
29.42240333557129
26.64276123046875
32.9486083984375
29.010347366333008
36.94701385498047
30.63141441345215
29.83747673034668
25.804481506347656
31.849000930786133
29.471853256225586
30.848739624023438
29.880617141723633
25.598543167114258
32.06670379638672
28.69159507751465
31.935604095458984
31.967267990112305
29.179758071899414
25.670427322387695
27.073266983032227
29.467559814453125
27.439163208007812
27.1689453125
32.005455017089844
34.95492172241211
34.57761001586914
38.089271545410156
37.60673904418945
33.65899658203125
29.935691833496094
27.149658203125
33.73252868652344
27.69167137145996
30.898244857788086
31.166372299194336
31.942058563232422
41.105079650878906
29.203969955444336
33.751522064208984
31.55817413330078
30.645484924316406
29.317638397216797
32.71599197387695
26.8226261138916
29.239900588989258
27.090328216552734
31.70368003845215
35.10666275024414
33.236446380615234
28.353242874145508
30.054731369018555
25.554529190063477
33.16806411743164
29.281219482421875
31.603605270385742
28.739349365234375
33.702552795410156
29.41306495666504
31.27021598815918
24.036270141601562
33.93068313598633
24.88587760925293
35.12705612182617
31.189350128173828
30.135507583618164
37.01040267944336
27.65875816345215
30.923110961914062
31.653888702392578
29.30425453186035
32.23208999633789
28.386613845825195
31.442502975463867
32.03792953491211
31.378631591796875
30.55797004699707
30.70587730407715
23.029556274414062
31.088890075683594
30.019941329956055
24.74207878112793
26.654804229736328
31.78898048400879
33.17060852050781
28.867937088012695
28.896377563476562
29.20423126220703
31.061803817749023
30.481197357177734
26.515945434570312
33.91361618041992
29.67565155029297
32.09955596923828
30.724639892578125
35.343265533447266
32.89112091064453
34.473751068115234
28.756832122802734
29.590993881225586
29.041242599487305
30.50680923461914
33.176578521728516
27.850833892822266
33.893959045410156
31.70627784729004
32.40515899658203
27.661470413208008
24.490419387817383
29.587295532226562
31.152467727661133
32.465919494628906
31.791406631469727
31.53013801574707
27.985876083374023
33.70918655395508
37.614601135253906
30.099184036254883
33.033180236816406
35.946998596191406
34.25211715698242
32.46001052856445
31.79959487915039
34.051666259765625
30.249374389648438
39.61101150512695
28.679027557373047
31.140005111694336
32.472042083740234
29.03591537475586
31.00176239013672
33.37772750854492
26.96213722229004
32.605560302734375
36.91312789916992
41.76157760620117
27.023452758789062
28.74705696105957
34.834999084472656
30.567209243774414
35.9231071472168
36.38262176513672
27.433135986328125
35.81670379638672
24.97255516052246
29.358840942382812
27.296552658081055
33.14163589477539
31.882598876953125
35.67597961425781
33.26659393310547
29.833717346191406
39.02278518676758
35.4183464050293
29.984943389892578
33.848419189453125
32.27888870239258
30.102697372436523
32.44431686401367
30.703697204589844
40.20543670654297
30.701379776000977
32.29689407348633
34.63542556762695
29.061323165893555
35.83845901489258
26.318132400512695
33.47159957885742
31.829381942749023
32.67171859741211
28.377182006835938
34.84211730957031
35.23015594482422
33.00092697143555
25.37602996826172
30.390769958496094
24.356164932250977
33.26791763305664
25.159151077270508
26.129745483398438
32.238895416259766
31.89595603942871
28.610937118530273
29.62196159362793
31.343448638916016
28.749610900878906
32.93490219116211
31.96889877319336
28.552066802978516
38.32389450073242
29.360740661621094
30.759233474731445
30.79704475402832
33.20330047607422
35.07631301879883
29.43900489807129
30.940874099731445
35.07757568359375
31.81911277770996
31.193078994750977
23.938579559326172
29.810102462768555
26.521160125732422
30.381837844848633
38.669620513916016
27.82305145263672
31.985393524169922
33.40214920043945
27.252002716064453
29.618423461914062
31.337129592895508
32.69316482543945
30.53660011291504
31.61382484436035
29.64262580871582
29.472702026367188
31.338581085205078
32.874595642089844
28.776826858520508
24.288585662841797
31.54713249206543
29.742448806762695
23.387189865112305
32.070533752441406
33.36543655395508
33.537113189697266
29.78644561767578
34.03089904785156
31.29444122314453
29.857603073120117
29.500795364379883
29.92206382751465
30.33686637878418
28.910737991333008
32.79375076293945
32.05854797363281
28.998319625854492
26.45301628112793
41.285064697265625
27.582592010498047
25.751131057739258
35.03676986694336
33.11497497558594
31.439180374145508
30.50035858154297
31.383691787719727
28.531667709350586
33.89194869995117
31.866437911987305
32.57940673828125
24.450550079345703
26.96864128112793
30.060115814208984
29.585628509521484
31.81636619567871
31.962730407714844
29.09354019165039
27.265398025512695
29.373552322387695
34.99790954589844
32.9124755859375
34.676761627197266
36.408714294433594
35.11362075805664
30.91779327392578
25.604633331298828
32.555912017822266
34.024349212646484
29.915956497192383
34.61808395385742
30.556720733642578
29.590425491333008
28.479063034057617
36.819313049316406
29.90786361694336
23.541343688964844
44.26786422729492
31.543140411376953
29.246021270751953
29.322811126708984
25.65920066833496
26.6501522064209
35.7065315246582
29.739744186401367
39.75291442871094
28.44037437438965
38.506935119628906
31.20619010925293
31.752059936523438
28.25859260559082
28.26829719543457
26.97607421875
25.151086807250977
30.21156883239746
35.700172424316406
28.98459243774414
34.35503005981445
28.625703811645508
34.160560607910156
32.774600982666016
26.157987594604492
27.6837100982666
36.3956298828125
29.428834915161133
32.9075813293457
32.71514129638672
25.3468074798584
31.742813110351562
31.394380569458008
31.118144989013672
39.45723342895508
29.69074249267578
30.984106063842773
29.341785430908203
26.23983383178711
35.45465087890625
32.89453125
30.805418014526367
37.982337951660156
26.591514587402344
30.176366806030273
30.096477508544922
32.160316467285156
26.37202262878418
29.937448501586914
30.12555694580078
27.37683868408203
27.813552856445312
34.222232818603516
36.03036117553711
33.36173629760742
28.123586654663086
23.4473819732666
30.287364959716797
29.33266830444336
34.386985778808594
28.16736602783203
29.603588104248047
33.283531188964844
30.595993041992188
30.312135696411133
30.548187255859375
28.976757049560547
32.32518005371094
27.632129669189453
33.2896842956543
29.126176834106445
28.74107551574707
34.41033935546875
35.46956253051758
29.14944839477539
34.673622131347656
33.49391555786133
33.13718032836914
31.367618560791016
30.040361404418945
26.52750587463379
34.674598693847656
31.93974494934082
33.47637939453125
27.68625259399414
34.95545959472656
34.567466735839844
29.882732391357422
29.69894027709961
33.709110260009766
36.31094741821289
35.891700744628906
31.206878662109375
25.91537094116211
30.30311393737793
28.04768943786621
28.846771240234375
33.281593322753906
28.701433181762695
30.791025161743164
35.011314392089844
34.78348159790039
35.6805419921875
28.384597778320312
29.64847755432129
31.83854103088379
27.8734130859375
35.41057205200195
29.8184757232666
30.413118362426758
28.805091857910156
31.723678588867188
27.183443069458008
31.050521850585938
28.805753707885742
34.4212532043457
28.579383850097656
34.992855072021484
38.83141326904297
34.209556579589844
29.65848731994629
28.554607391357422
24.21321678161621
33.461280822753906
28.087690353393555
28.763019561767578
37.78700637817383
29.142057418823242
31.22774314880371
30.568119049072266
28.03464698791504
29.1746768951416
27.821571350097656
25.487390518188477
31.987199783325195
28.140243530273438
30.049747467041016
28.988435745239258
28.64181137084961
30.037681579589844
35.7449951171875
40.12742614746094
29.108896255493164
33.05205535888672
34.19005584716797
27.101591110229492
32.95486068725586
29.771888732910156
35.61313247680664
27.68381690979004
36.45209503173828
35.19362258911133
34.488651275634766
28.16261100769043
35.02920150756836
27.00048065185547
34.95307922363281
31.02071762084961
28.463727951049805
35.68516159057617
27.030017852783203
33.12149429321289
26.882518768310547
37.00369644165039
26.08078956604004
33.44602966308594
30.183874130249023
32.672542572021484
25.882976531982422
30.289430618286133
32.7292594909668
33.267677307128906
35.02797317504883
34.1342887878418
35.9276008605957
30.5635929107666
32.14876937866211
30.078994750976562
27.81578826904297
28.621204376220703
31.53927993774414
30.944141387939453
29.91346549987793
28.040393829345703
30.142837524414062
29.587915420532227
34.530303955078125
34.126075744628906
33.03981018066406
30.727569580078125
31.951025009155273
34.00993728637695
27.839567184448242
31.134817123413086
33.05791091918945
35.390037536621094
30.215600967407227
30.825963973999023
29.06590461730957
33.97772979736328
34.12635803222656
30.2016658782959
34.413108825683594
31.968358993530273
31.36185073852539
28.066539764404297
31.56797218322754
38.04051208496094
32.7667236328125
26.079370498657227
33.062767028808594
30.58702850341797
33.97932052612305
31.231531143188477
30.077716827392578
29.428335189819336
28.89870834350586
26.989442825317383
36.98884582519531
35.622161865234375
30.460159301757812
26.417842864990234
33.729698181152344
27.35173988342285
27.725513458251953
31.36200523376465
33.70689392089844
26.991750717163086
31.095781326293945
36.70741271972656
33.881385803222656
34.69370651245117
34.31613540649414
30.752437591552734
34.39543914794922
30.242382049560547
29.93118667602539
36.18415832519531
35.114070892333984
36.059532165527344
31.879186630249023
35.048484802246094
35.823463439941406
29.863964080810547
31.265336990356445
42.46723937988281
35.733009338378906
32.05791473388672
37.69059753417969
43.46099853515625
37.41027069091797
34.78303146362305
36.83278274536133
34.337745666503906
32.82891845703125
32.10050582885742
36.75320053100586
32.09697723388672
39.068355560302734
34.49356460571289
33.943016052246094
36.44597244262695
34.133358001708984
32.35057830810547
34.45942306518555
30.5147705078125
37.899436950683594
38.542476654052734
31.429431915283203
37.71607208251953
32.02436447143555
30.83281135559082
31.614164352416992
45.86772155761719
27.984954833984375
33.81939697265625
28.856355667114258
36.412261962890625
32.99175262451172
35.55962371826172
36.17646026611328
38.42238235473633
37.273529052734375
40.1708869934082
31.27696418762207
36.600074768066406
30.351572036743164
29.668291091918945
39.847686767578125
30.844247817993164
36.00341796875
32.33145523071289
27.76616859436035
24.396331787109375
31.730852127075195
33.28205871582031
33.50838851928711
31.11945915222168
37.22800827026367
33.35741424560547
33.14411163330078
33.85431671142578
30.228870391845703
31.977371215820312
32.68574905395508
28.968603134155273
35.465614318847656
31.94133758544922
41.94001007080078
29.743799209594727
34.40997314453125
30.908714294433594
25.388704299926758
31.079771041870117
29.495935440063477
36.70933151245117
35.36872100830078
28.96876335144043
31.52965545654297
35.004581451416016
36.250370025634766
34.579654693603516
34.826942443847656
34.55101013183594
32.31736755371094
28.546903610229492
33.844932556152344
36.859588623046875
34.5442008972168
32.48540115356445
31.24223518371582
33.763221740722656
29.727012634277344
29.51988983154297
33.573944091796875
34.472347259521484
33.53900146484375
30.715816497802734
26.692079544067383
39.9044189453125
30.411388397216797
32.14105987548828
31.139436721801758
34.113502502441406
32.89564895629883
38.23968505859375
32.67228317260742
35.11695861816406
28.103622436523438
26.471181869506836
35.52880096435547
34.16765213012695
35.1600456237793
37.97836685180664
32.29185485839844
29.36959457397461
34.3846321105957
28.942665100097656
35.78535461425781
35.94035720825195
34.60065460205078
27.818727493286133
31.67913055419922
32.48350143432617
30.103286743164062
30.426746368408203
34.81901168823242
33.88808822631836
31.75921630859375
34.163204193115234
29.20915412902832
32.51301193237305
34.19554901123047
33.03154754638672
32.9936408996582
31.73563003540039
33.11947250366211
32.91026306152344
34.04985427856445
35.308860778808594
32.06259536743164
31.858673095703125
28.168893814086914
30.24907875061035
27.880922317504883
27.615907669067383
33.927581787109375
29.80949592590332
30.214017868041992
35.503353118896484
27.397035598754883
30.822423934936523
28.902555465698242
27.307775497436523
29.06479835510254
38.75746154785156
31.144723892211914
36.148658752441406
25.942312240600586
31.11990737915039
32.62030792236328
34.40993881225586
29.868988037109375
26.19877052307129
33.78926086425781
36.34002685546875
29.818326950073242
29.97286605834961
31.125019073486328
33.14482116699219
28.402427673339844
28.08984375
31.357479095458984
31.496522903442383
34.778690338134766
31.629371643066406
33.33586502075195
32.28534698486328
29.961627960205078
32.04847717285156
28.040386199951172
28.499753952026367
31.588804244995117
31.47869873046875
26.450565338134766
33.46299362182617
37.796051025390625
33.007633209228516
31.50520133972168
33.2512321472168
33.09149932861328
33.45381546020508
28.224740982055664
30.10719871520996
28.27411460876465
32.23651123046875
32.16992950439453
34.96039962768555
25.670133590698242
32.75060272216797
28.770309448242188
30.29008674621582
32.39493942260742
31.647600173950195
32.80091094970703
27.354249954223633
31.45103645324707
28.91850471496582
29.334959030151367
32.83976364135742
38.91513442993164
33.84341812133789
27.168867111206055
28.15769386291504
25.67628288269043
29.052833557128906
28.73933982849121
31.79638671875
30.770187377929688
27.978954315185547
28.250423431396484
31.011898040771484
29.663204193115234
27.336084365844727
34.603294372558594
27.1580753326416
30.994029998779297
29.971942901611328
33.090660095214844
30.845796585083008
27.6639461517334
28.673553466796875
26.716388702392578
28.710527420043945
29.848745346069336
29.30137825012207
32.73252868652344
33.463985443115234
32.21282958984375
31.868221282958984
23.93194007873535
33.75808334350586
31.92819595336914
29.400165557861328
37.155269622802734
28.40018081665039
30.67339515686035
29.667783737182617
26.34130859375
32.457366943359375
35.99738693237305
29.493118286132812
31.335681915283203
30.887014389038086
30.453523635864258
28.621929168701172
29.163814544677734
39.96101760864258
27.061933517456055
28.03008460998535
27.67774772644043
24.912446975708008
30.297548294067383
32.02788543701172
29.527732849121094
37.32395553588867
30.765483856201172
29.475486755371094
36.12364196777344
41.094120025634766
35.74955368041992
28.785600662231445
33.677001953125
28.722110748291016
31.652122497558594
34.642189025878906
26.41266441345215
27.506025314331055
29.26943016052246
30.901721954345703
30.07440185546875
34.093990325927734
28.475595474243164
27.587879180908203
28.281492233276367
24.898658752441406
29.110252380371094
31.970905303955078
24.682559967041016
38.78688430786133
28.970306396484375
37.876590728759766
30.805574417114258
35.702144622802734
28.805767059326172
33.52460479736328
28.491336822509766
32.73494338989258
31.66933250427246
32.17403793334961
33.86857223510742
26.498441696166992
31.810142517089844
26.01539421081543
30.471973419189453
32.25794219970703
32.40888214111328
30.67817497253418
34.0350227355957
26.210599899291992
28.38250732421875
35.16504669189453
35.81657028198242
32.14277267456055
24.463111877441406
33.60919952392578
30.37567710876465
35.72698211669922
27.674692153930664
32.456687927246094
35.012149810791016
29.07925796508789
34.011741638183594
27.13905906677246
32.63602066040039
28.7675838470459
27.90520477294922
32.04490661621094
28.96140480041504
29.23507308959961
35.11157989501953
28.392793655395508
27.131519317626953
34.346805572509766
28.124088287353516
30.806081771850586
37.750526428222656
32.688838958740234
33.51524353027344
33.804969787597656
36.96541976928711
33.59743881225586
28.60162925720215
32.64795684814453
31.692041397094727
32.05784606933594
34.98184585571289
32.138221740722656
27.807594299316406
28.934911727905273
33.57912063598633
28.21858024597168
33.06354522705078
38.88069534301758
35.66487121582031
32.35078430175781
28.259071350097656
36.822654724121094
29.593385696411133
28.706857681274414
27.55699920654297
30.306467056274414
35.163238525390625
32.4000358581543
33.59994888305664
28.67734718322754
31.187299728393555
34.236053466796875
34.484840393066406
36.58412170410156
29.137876510620117
37.179344177246094
35.330169677734375
29.47629165649414
34.627655029296875
34.893821716308594
30.13689422607422
29.866350173950195
30.851091384887695
31.487342834472656
31.406982421875
33.45185852050781
28.78035545349121
30.746944427490234
30.188844680786133
25.336965560913086
34.153038024902344
27.537111282348633
35.67988204956055
30.410140991210938
34.075138092041016
38.72732925415039
30.369543075561523
37.74739456176758
33.57378005981445
23.82196617126465
28.257780075073242
34.726951599121094
34.311038970947266
28.800493240356445
31.090049743652344
32.77870559692383
34.83190155029297
32.31892013549805
34.252418518066406
28.44302749633789
33.53278732299805
30.739870071411133
36.47233963012695
28.525789260864258
34.10700988769531
34.631919860839844
30.056678771972656
32.18510055541992
27.624290466308594
28.015052795410156
32.14480209350586
30.874279022216797
37.67180252075195
26.057506561279297
39.511566162109375
32.44453811645508
33.23967742919922
31.95512580871582
27.959705352783203
35.274539947509766
29.11432647705078
27.44645881652832
29.023366928100586
30.62348175048828
29.18277359008789
34.912567138671875
30.160093307495117
31.61048126220703
35.310909271240234
34.59153366088867
31.927553176879883
27.367334365844727
37.21548080444336
31.14344596862793
25.3439884185791
28.96896743774414
35.84930419921875
32.944034576416016
36.224002838134766
34.5727424621582
33.10529327392578
31.806316375732422
28.574487686157227
32.314308166503906
30.863218307495117
32.34286117553711
33.71700668334961
35.946868896484375
31.825891494750977
36.68208312988281
33.02871322631836
30.688688278198242
35.87411880493164
32.17857360839844
29.6246337890625
34.41195297241211
29.932310104370117
28.246532440185547
29.57418441772461
35.81980514526367
33.02476119995117
37.39675521850586
34.62284851074219
28.641258239746094
35.9122314453125
34.45267868041992
28.633529663085938
34.98991394042969
34.254581451416016
28.31325340270996
28.215829849243164
34.4886474609375
29.2436580657959
31.695594787597656
34.35147476196289
35.488773345947266
25.358055114746094
29.684236526489258
29.27308464050293
29.46554183959961
36.695308685302734
27.579511642456055
30.857099533081055
32.70233917236328
37.015869140625
39.08432388305664
36.73438262939453
30.299354553222656
31.445781707763672
31.312965393066406
34.289100646972656
31.066871643066406
32.9024772644043
31.247291564941406
35.39351272583008
28.187850952148438
33.14511489868164
27.942476272583008
30.469268798828125
35.6370735168457
30.12863540649414
30.551193237304688
36.50968551635742
29.344486236572266
33.31492614746094
32.9957275390625
32.283653259277344
31.260385513305664
29.62234115600586
33.521060943603516
34.17559051513672
29.52742576599121
36.127742767333984
34.446414947509766
31.181188583374023
35.787269592285156
33.015262603759766
27.62352752685547
32.989768981933594
28.347509384155273
30.518123626708984
30.09619140625
28.77599334716797
31.378162384033203
28.81171989440918
28.606449127197266
35.430320739746094
33.31783676147461
29.137331008911133
27.05506706237793
35.74034881591797
30.804523468017578
31.5305233001709
29.931304931640625
34.1126708984375
39.89351272583008
30.198345184326172
27.554594039916992
30.847583770751953
29.589582443237305
30.36893653869629
32.69337463378906
33.037105560302734
30.654586791992188
41.051231384277344
30.973175048828125
32.28616714477539
29.644071578979492
26.06787872314453
28.757535934448242
28.4155330657959
32.290184020996094
28.047761917114258
35.02881622314453
28.705955505371094
35.230560302734375
32.84314727783203
25.07024383544922
30.292743682861328
29.04945182800293
29.369678497314453
31.39720916748047
35.677764892578125
30.749664306640625
27.586227416992188
36.072696685791016
34.41656494140625
30.384231567382812
31.442249298095703
31.213274002075195
33.2752571105957
34.0843620300293
29.10311508178711
34.97163772583008
32.22621536254883
34.67381286621094
35.05575942993164
36.18373489379883
30.62816619873047
34.66167449951172
38.27338409423828
38.85220718383789
32.87073516845703
26.80429458618164
43.09913635253906
31.170669555664062
33.50621795654297
35.96747589111328
33.49824523925781
35.85783004760742
31.695785522460938
34.40055847167969
38.58266067504883
33.32908630371094
33.72234344482422
28.3272647857666
33.843074798583984
33.888465881347656
31.36946678161621
34.15070343017578
41.882484436035156
31.04030990600586
31.1761531829834
32.58823013305664
32.02569580078125
29.406421661376953
32.841373443603516
37.152923583984375
31.170345306396484
34.27830505371094
33.58714294433594
31.93627166748047
32.42923355102539
39.336360931396484
32.93019104003906
31.455814361572266
34.29864501953125
31.03883934020996
34.92038345336914
31.340845108032227
29.877750396728516
29.053340911865234
31.977529525756836
33.10323715209961
33.255916595458984
33.331298828125
32.812522888183594
31.16355323791504
34.08019256591797
30.69380760192871
33.94835662841797
35.8853874206543
33.25385284423828
29.47337532043457
39.57209396362305
30.753616333007812
29.485780715942383
31.51421356201172
30.536821365356445
40.741233825683594
29.62171173095703
34.21734619140625
41.43520736694336
27.99996566772461
27.577102661132812
41.21391296386719
33.51176071166992
37.59371566772461
36.43504333496094
33.48054122924805
27.770484924316406
31.273393630981445
33.33870315551758
30.67254638671875
31.83057403564453
35.689422607421875
36.49885559082031
31.802410125732422
31.453840255737305
25.539037704467773
34.444881439208984
35.45798873901367
32.64200973510742
31.20886993408203
26.779420852661133
25.724252700805664
26.734981536865234
28.489553451538086
34.61327362060547
30.935941696166992
27.809261322021484
30.031932830810547
31.312307357788086
34.555885314941406
33.712860107421875
32.72979736328125
35.299278259277344
29.492725372314453
31.253257751464844
27.740346908569336
40.42780303955078
25.838197708129883
30.967153549194336
32.45558166503906
34.15481185913086
31.78626251220703
31.4930419921875
33.41764831542969
30.029565811157227
34.21715545654297
32.05299377441406
31.92983627319336
35.071128845214844
32.8137092590332
30.651334762573242
29.78160285949707
30.336380004882812
32.8040885925293
33.53179168701172
28.427940368652344
27.109426498413086
28.506223678588867
31.26259422302246
31.767667770385742
28.661640167236328
34.33753204345703
28.851348876953125
36.151123046875
33.13623809814453
28.94156837463379
37.89925003051758
26.67717170715332
27.37875747680664
30.25580596923828
26.656049728393555
30.87897491455078
26.768321990966797
36.50189971923828
26.84739112854004
28.30828094482422
33.816307067871094
27.037181854248047
33.7572135925293
29.002756118774414
31.579025268554688
30.305660247802734
34.59916305541992
31.441123962402344
31.912242889404297
32.262420654296875
30.505977630615234
29.179426193237305
31.552087783813477
34.98627853393555
24.98504066467285
33.563377380371094
35.34768295288086
27.193933486938477
30.97120475769043
27.136699676513672
31.89506721496582
27.43867301940918
33.3371696472168
24.06093406677246
31.2038631439209
33.27432632446289
31.085323333740234
29.84968376159668
27.35371971130371
34.51508712768555
29.95759391784668
26.806190490722656
34.727394104003906
25.845766067504883
31.085453033447266
30.161943435668945
31.27004051208496
29.78183364868164
28.058834075927734
27.877269744873047
29.025243759155273
36.12902069091797
39.31596374511719
32.87071990966797
25.58112144470215
31.992176055908203
33.034732818603516
34.473289489746094
28.303668975830078
34.97359085083008
31.494871139526367
37.0167236328125
28.78119659423828
29.716625213623047
31.76860809326172
32.74129867553711
33.85354232788086
31.770387649536133
27.892234802246094
33.38007354736328
30.850187301635742
34.87101364135742
34.9361457824707
30.16077995300293
32.33415222167969
30.99449348449707
39.4062385559082
28.029691696166992
32.57639694213867
30.90289878845215
28.66765785217285
30.626514434814453
28.360565185546875
32.096458435058594
39.63969039916992
31.83683204650879
30.036909103393555
31.30926513671875
32.26234436035156
31.287050247192383
30.467266082763672
28.228548049926758
31.728116989135742
35.84345626831055
33.00086975097656
38.336639404296875
30.733762741088867
30.60514259338379
33.85893630981445
30.338163375854492
36.52067184448242
29.626604080200195
34.976043701171875
30.654943466186523
30.67646026611328
34.60624313354492
32.81275939941406
37.53526306152344
36.879478454589844
30.9677734375
29.96969985961914
36.301937103271484
32.219512939453125
29.4242000579834
29.1763858795166
31.280532836914062
31.133668899536133
29.96761131286621
28.029253005981445
28.376827239990234
30.675209045410156
30.887779235839844
30.675424575805664
33.37384796142578
31.123004913330078
32.16043472290039
37.37323760986328
30.94095802307129
31.689546585083008
26.586973190307617
38.150848388671875
32.982627868652344
31.309518814086914
26.7198429107666
32.909549713134766
30.95654296875
29.531707763671875
29.383872985839844
29.123943328857422
29.122337341308594
30.614208221435547
29.477109909057617
28.81412696838379
31.676023483276367
36.41582107543945
28.779027938842773
39.1102180480957
38.48003005981445
31.087448120117188
29.581459045410156
34.018455505371094
32.17930221557617
30.31745719909668
27.82306480407715
30.63990592956543
34.62311553955078
31.09539031982422
30.493432998657227
27.6181697845459
30.312299728393555
35.630027770996094
34.01055145263672
29.624431610107422
35.21149826049805
28.322011947631836
35.024471282958984
30.9592342376709
28.80087661743164
28.05803680419922
30.66224479675293
28.692581176757812
26.83220100402832
31.872800827026367
27.37786865234375
27.90350341796875
37.53824996948242
31.76369857788086
32.462562561035156
36.642120361328125
39.98716735839844
34.4730339050293
34.827301025390625
33.11056137084961
38.163352966308594
30.24491310119629
30.914058685302734
36.018375396728516
29.18709373474121
34.6401252746582
33.97062301635742
29.179519653320312
29.320646286010742
26.566682815551758
31.942188262939453
40.125389099121094
33.66814041137695
32.58295440673828
30.72218894958496
33.586116790771484
33.196529388427734
29.81586456298828
30.72319221496582
27.628543853759766
34.56637954711914
30.427053451538086
28.469812393188477
31.23149299621582
32.76506423950195
27.878271102905273
33.876644134521484
25.4895076751709
33.600887298583984
29.969085693359375
34.915000915527344
30.21660041809082
30.81146812438965
29.2125244140625
40.27545928955078
36.4020881652832
32.852264404296875
33.5223388671875
36.357208251953125
30.07758903503418
33.16913986206055
33.12274932861328
28.22533416748047
32.60149002075195
38.59182357788086
33.570648193359375
29.289419174194336
34.445255279541016
30.592327117919922
32.004638671875
29.73868751525879
31.559734344482422
31.901702880859375
29.981748580932617
31.90896987915039
35.74669647216797
28.398942947387695
31.12565803527832
30.667617797851562
35.457218170166016
30.920114517211914
30.823198318481445
33.60757064819336
28.7148494720459
35.16288757324219
29.14218521118164
28.579559326171875
28.053911209106445
38.279361724853516
31.262834548950195
33.969017028808594
28.836164474487305
28.784608840942383
27.85763931274414
29.1953182220459
28.567157745361328
27.720964431762695
29.23707389831543
25.590784072875977
25.128286361694336
31.4063663482666
28.60564613342285
31.61647605895996
27.445642471313477
28.14479637145996
28.946250915527344
35.629615783691406
32.38532638549805
30.38496971130371
30.53669548034668
31.173599243164062
35.3477897644043
28.628345489501953
24.683679580688477
33.88737487792969
25.558603286743164
24.981754302978516
27.14651107788086
33.66066360473633
33.20212936401367
33.274330139160156
34.248390197753906
30.796737670898438
30.12416648864746
29.96062469482422
29.564767837524414
36.60719299316406
28.371461868286133
30.62567138671875
34.775333404541016
30.8028564453125
27.239402770996094
26.366289138793945
34.531524658203125
27.92384910583496
30.436981201171875
31.14964485168457
33.44717788696289
28.581600189208984
31.20689582824707
29.56631851196289
25.930734634399414
27.620746612548828
36.103851318359375
42.95722198486328
32.7178840637207
28.23012351989746
28.075359344482422
30.78238296508789
28.5771541595459
36.63674545288086
29.062280654907227
32.62913513183594
34.64738464355469
32.45624542236328
27.434913635253906
32.41427993774414
37.351566314697266
27.37099838256836
29.60493278503418
32.43179702758789
32.6522216796875
23.77166175842285
29.344247817993164
29.16607666015625
35.6236686706543
30.442546844482422
34.28157424926758
32.63056945800781
29.029958724975586
31.90626335144043
30.083330154418945
29.417320251464844
31.689767837524414
30.58541488647461
26.534957885742188
27.92138671875
30.72698211669922
30.12868309020996
30.47245216369629
36.87458038330078
26.735511779785156
31.84622573852539
30.079641342163086
27.635982513427734
33.81135177612305
27.70689582824707
27.79691505432129
33.22211837768555
32.004329681396484
34.21407699584961
31.36030387878418
36.15058135986328
28.709447860717773
28.636335372924805
34.596275329589844
30.76142120361328
26.322032928466797
30.626802444458008
33.27485275268555
31.619712829589844
30.659141540527344
31.92226791381836
27.349382400512695
31.97611427307129
31.04591178894043
33.21451187133789
30.051860809326172
32.757041931152344
25.221338272094727
28.77352523803711
24.92816734313965
31.872528076171875
27.97230339050293
30.105327606201172
31.91134262084961
41.076908111572266
25.45779800415039
30.97529411315918
29.87872886657715
29.547409057617188
30.1789608001709
35.53343963623047
25.587574005126953
30.500263214111328
31.065927505493164
31.578096389770508
30.5783634185791
33.194095611572266
25.10269546508789
29.425966262817383
26.2742919921875
25.33150863647461
26.813430786132812
28.26708221435547
32.93450164794922
29.544885635375977
31.39805793762207
31.833765029907227
27.101205825805664
28.693822860717773
25.22588348388672
28.74954605102539
27.107261657714844
32.00595474243164
24.427818298339844
31.912275314331055
30.246456146240234
35.62076950073242
29.009525299072266
31.123489379882812
29.565237045288086
31.69367027282715
28.537914276123047
25.72144317626953
30.475473403930664
37.670936584472656
27.822837829589844
25.04176902770996
26.337841033935547
27.077634811401367
39.81097412109375
25.551673889160156
29.318782806396484
29.1556339263916
34.93032455444336
29.723726272583008
35.38829040527344
28.382461547851562
29.681669235229492
27.478933334350586
36.00137710571289
29.959543228149414
29.48475456237793
32.12225341796875
25.659387588500977
35.99343490600586
31.998371124267578
37.92185974121094
28.372894287109375
27.834571838378906
29.509504318237305
34.03533935546875
37.790767669677734
24.152254104614258
30.183338165283203
33.258670806884766
31.89764976501465
32.734622955322266
28.547393798828125
27.084867477416992
30.188241958618164
31.112300872802734
29.036882400512695
31.299278259277344
31.067899703979492
30.794933319091797
29.261341094970703
28.907575607299805
23.060787200927734
31.576622009277344
26.28082847595215
31.98693084716797
28.893789291381836
34.7768669128418
31.717357635498047
30.217622756958008
32.82218933105469
34.34595489501953
28.453094482421875
35.8792724609375
29.582473754882812
28.056615829467773
31.764806747436523
29.816383361816406
31.084476470947266
32.78837203979492
39.173057556152344
25.929229736328125
31.961307525634766
31.023958206176758
33.900177001953125
35.426448822021484
34.057228088378906
36.149696350097656
34.02765655517578
26.59467887878418
32.80214309692383
34.470672607421875
26.924182891845703
33.63405227661133
28.99891471862793
31.189685821533203
27.274660110473633
34.21084976196289
32.93377685546875
35.3810920715332
34.24911117553711
29.0426082611084
30.3934383392334
31.290021896362305
31.317245483398438
30.63933563232422
31.187753677368164
30.159198760986328
26.162841796875
37.897335052490234
25.278684616088867
32.658592224121094
36.230716705322266
29.557497024536133
32.370975494384766
29.573366165161133
35.541683197021484
29.208900451660156
31.01875114440918
33.62785720825195
29.78139877319336
32.72752380371094
32.22608184814453
28.581527709960938
30.523967742919922
31.267004013061523
32.53456115722656
26.799650192260742
35.30596923828125
30.050222396850586
35.0367431640625
30.867877960205078
31.28318214416504
29.117982864379883
32.601837158203125
31.42746353149414
28.06610107421875
30.671281814575195
41.967124938964844
32.98296356201172
38.12448501586914
31.511959075927734
33.5586051940918
28.638641357421875
31.69330596923828
28.81623077392578
27.614999771118164
28.217554092407227
27.533178329467773
34.81058120727539
30.684911727905273
24.638736724853516
28.525278091430664
30.73601531982422
33.75361251831055
36.27206039428711
34.019996643066406
37.446800231933594
29.57046890258789
30.58997917175293
32.6707763671875
36.20874786376953
33.468841552734375
36.66659927368164
27.01805877685547
37.03871154785156
31.715381622314453
32.50026321411133
32.15232467651367
31.07429313659668
38.778282165527344
35.47346496582031
32.882137298583984
30.196056365966797
32.27417755126953
34.809688568115234
29.066091537475586
29.96784782409668
27.944677352905273
29.112937927246094
27.513795852661133
43.48945999145508
32.345252990722656
30.986175537109375
32.452308654785156
31.299715042114258
28.402729034423828
34.61293411254883
29.80434226989746
38.75244140625
32.814178466796875
28.536048889160156
32.31646728515625
35.19699478149414
32.490291595458984
35.00440979003906
29.88357162475586
42.63376235961914
31.212997436523438
29.069276809692383
31.245342254638672
31.120332717895508
29.076387405395508
32.30702209472656
30.91500473022461
32.86336898803711
32.924888610839844
29.54669761657715
34.8253173828125
33.27843475341797
29.59942626953125
30.61227798461914
32.150020599365234
35.5701904296875
30.396102905273438
33.57963943481445
35.7447624206543
39.908851623535156
31.865055084228516
34.68761444091797
33.990543365478516
32.90353012084961
33.265071868896484
26.550403594970703
36.70285415649414
38.23619842529297
40.01177978515625
31.172101974487305
38.20033645629883
26.39154815673828
26.409286499023438
25.06846809387207
28.976102828979492
28.539169311523438
28.73746109008789
36.14654541015625
35.103031158447266
35.572566986083984
29.487693786621094
34.60633850097656
36.7537727355957
33.82874298095703
37.35010528564453
37.78943634033203
32.68813705444336
35.18718719482422
28.11115264892578
43.36233139038086
30.00212860107422
37.71365737915039
36.73455810546875
34.341583251953125
36.723854064941406
37.91495132446289
32.397621154785156
32.69371795654297
38.85908889770508
31.645618438720703
28.309959411621094
32.90544128417969
29.94791030883789
30.624435424804688
38.60489273071289
31.69652557373047
30.57495880126953
33.56239700317383
25.841690063476562
28.562519073486328
35.28042984008789
28.589414596557617
34.36067581176758
36.27131652832031
31.8388614654541
33.10599136352539
34.76451873779297
32.47056579589844
30.536510467529297
29.392004013061523
27.038719177246094
32.43938446044922
30.651653289794922
33.67589569091797
27.63515853881836
36.59307861328125
29.270774841308594
31.345090866088867
33.35141372680664
29.03635597229004
32.86787033081055
39.935882568359375
28.374919891357422
30.255277633666992
26.893062591552734
29.071321487426758
28.178050994873047
28.05326271057129
37.28809356689453
25.19898796081543
34.33445358276367
36.5574951171875
29.23590660095215
30.505451202392578
32.36463165283203
36.18757629394531
25.346406936645508
35.10725784301758
31.02933120727539
35.27333450317383
28.163591384887695
26.806758880615234
30.30689239501953
31.52332878112793
33.40032196044922
28.253204345703125
30.868732452392578
41.12851333618164
35.43476867675781
31.271760940551758
41.864192962646484
31.33010482788086
33.02005386352539
35.37122344970703
27.22730827331543
33.9332160949707
29.48430061340332
33.52278518676758
34.49845504760742
32.06265640258789
29.593107223510742
28.098649978637695
34.726409912109375
33.22802734375
29.52364158630371
33.494476318359375
32.66374206542969
28.41375732421875
34.304256439208984
26.790815353393555
30.383554458618164
33.51401901245117
30.984821319580078
29.622310638427734
32.05550003051758
27.95708465576172
35.73482131958008
36.84430694580078
35.69954299926758
30.789264678955078
37.22612762451172
30.529638290405273
38.296077728271484
41.29298782348633
32.88105010986328
36.40095901489258
39.97114562988281
32.5902214050293
27.995962142944336
31.131465911865234
37.1172981262207
31.3579158782959
31.65695571899414
35.128082275390625
35.090946197509766
34.16819381713867
29.4021053314209
36.48810958862305
31.411088943481445
34.16677474975586
30.3703556060791
34.89120864868164
38.19255065917969
32.733497619628906
28.74745750427246
35.98111343383789
35.14690399169922
32.07933044433594
34.668983459472656
37.993499755859375
24.7060546875
30.453868865966797
30.408456802368164
30.78338623046875
29.65291404724121
31.1304988861084
36.031517028808594
32.655029296875
30.627470016479492
31.137529373168945
33.121524810791016
38.0623893737793
25.773889541625977
35.228878021240234
35.59505081176758
36.29575729370117
35.276126861572266
33.157867431640625
32.026607513427734
31.849544525146484
26.61731719970703
32.34278869628906
38.826087951660156
40.11521911621094
30.55567741394043
35.26508331298828
29.754053115844727
31.353771209716797
37.128143310546875
32.611106872558594
31.969139099121094
31.11441993713379
39.05681228637695
32.06972122192383
34.39580154418945
34.399169921875
28.87933349609375
37.513370513916016
35.363914489746094
31.687957763671875
32.9117317199707
32.37873077392578
36.5272216796875
27.89008903503418
34.63167953491211
33.39299392700195
31.46675682067871
32.59547805786133
31.10368537902832
32.83700942993164
34.0821418762207
32.601837158203125
30.391273498535156
32.58879089355469
29.218059539794922
33.37379455566406
30.299381256103516
31.723167419433594
33.957313537597656
30.852294921875
34.65245056152344
34.7326774597168
29.97898292541504
29.98297882080078
39.228946685791016
30.962858200073242
30.832643508911133
30.833913803100586
26.67452621459961
30.397932052612305
33.28215026855469
31.70082664489746
34.27719497680664
32.07059860229492
33.08513641357422
31.513404846191406
33.590545654296875
29.44859504699707
32.27690505981445
32.60689163208008
27.246435165405273
26.351734161376953
23.392850875854492
33.03080368041992
33.788597106933594
41.39451217651367
32.140708923339844
27.152427673339844
32.32651138305664
33.184139251708984
29.917787551879883
33.84450912475586
32.401756286621094
28.485088348388672
30.67323875427246
31.777851104736328
25.368330001831055
33.45530319213867
34.439632415771484
31.787254333496094
34.561397552490234
29.514795303344727
28.535968780517578
31.172868728637695
34.66788864135742
31.382598876953125
30.499242782592773
30.998218536376953
29.334524154663086
31.24917984008789
29.249528884887695
30.85737419128418
31.567787170410156
27.513795852661133
38.4910888671875
30.14141082763672
29.94551658630371
35.21820068359375
35.498878479003906
31.070634841918945
34.03363037109375
29.95958709716797
35.771339416503906
40.372806549072266
33.84557342529297
30.204891204833984
36.81301498413086
34.63048553466797
35.948753356933594
27.92871856689453
29.481922149658203
33.18040466308594
35.88063049316406
33.448055267333984
33.174320220947266
31.112140655517578
29.803306579589844
34.61970520019531
28.268524169921875
30.835710525512695
31.37336540222168
25.140165328979492
38.87113571166992
35.30656814575195
31.34221649169922
27.345840454101562
31.351274490356445
35.10065841674805
31.142440795898438
28.168840408325195
34.35513687133789
35.04426956176758
38.04698181152344
34.71976089477539
33.292572021484375
32.35472106933594
34.110923767089844
32.11723327636719
36.41598892211914
30.601852416992188
28.509782791137695
33.74803924560547
29.190853118896484
36.6702880859375
33.87508773803711
29.89311408996582
26.381446838378906
32.23280715942383
31.894662857055664
31.289958953857422
33.39537811279297
29.980844497680664
34.29717254638672
28.577245712280273
26.059734344482422
28.522315979003906
27.37373924255371
31.742151260375977
30.876323699951172
33.753780364990234
31.722261428833008
27.958293914794922
33.0951042175293
25.283767700195312
28.958078384399414
30.660139083862305
27.64641571044922
33.06031036376953
34.497642517089844
29.648971557617188
31.448593139648438
30.636056900024414
34.78782272338867
28.651138305664062
36.85751724243164
32.332252502441406
33.05086898803711
28.70680809020996
31.555679321289062
37.608436584472656
35.979488372802734
32.683109283447266
31.11208724975586
35.154212951660156
28.169538497924805
31.322439193725586
35.44157791137695
27.783105850219727
33.12334442138672
32.188079833984375
33.328834533691406
37.42190170288086
29.4058895111084
29.756568908691406
32.45090866088867
32.34549331665039
37.536556243896484
35.04410171508789
33.09040451049805
29.348512649536133
30.560256958007812
25.13178062438965
33.07878875732422
28.516630172729492
33.08725357055664
30.33526039123535
28.985197067260742
37.74750900268555
31.7034969329834
26.114316940307617
33.87562561035156
33.29597854614258
30.814327239990234
30.513572692871094
37.89373016357422
29.380189895629883
31.77386474609375
37.148433685302734
27.31000518798828
28.2204647064209
29.622304916381836
31.186948776245117
29.81443214416504
33.921051025390625
37.77097702026367
26.200632095336914
29.802379608154297
34.43556213378906
27.665325164794922
27.86376953125
30.49011993408203
32.147308349609375
28.178489685058594
27.61077880859375
33.277870178222656
28.356603622436523
30.345922470092773
30.410547256469727
32.82533264160156
26.026622772216797
31.35494613647461
30.226749420166016
35.139610290527344
30.374385833740234
38.21345901489258
33.815914154052734
27.331336975097656
30.07945442199707
30.00881576538086
27.745546340942383
34.196678161621094
28.362606048583984
31.141813278198242
32.796573638916016
28.691959381103516
30.972759246826172
36.365970611572266
34.88524627685547
37.00192642211914
30.576698303222656
38.930397033691406
31.403669357299805
36.4704704284668
31.594022750854492
31.88070297241211
35.57143020629883
32.61214828491211
35.27482986450195
34.94151306152344
28.298086166381836
31.004074096679688
37.83140563964844
31.374326705932617
28.90519905090332
36.31782150268555
30.245237350463867
28.249935150146484
29.51798439025879
32.6799430847168
30.407381057739258
29.063451766967773
30.117467880249023
27.485517501831055
29.977033615112305
32.49932098388672
35.47563171386719
32.28895568847656
35.26888656616211
29.95660400390625
31.346145629882812
35.99070358276367
33.57969665527344
32.52782440185547
29.4088077545166
38.524383544921875
34.13066101074219
31.93270492553711
34.30741882324219
32.54714584350586
35.20204162597656
30.085187911987305
29.458311080932617
32.31582260131836
37.35572814941406
32.79490280151367
34.07487869262695
31.77538299560547
31.432226181030273
31.48082733154297
26.504796981811523
30.16644287109375
31.08903694152832
32.017879486083984
36.183265686035156
32.99113082885742
35.27375030517578
31.74604034423828
36.01301193237305
37.53408432006836
36.92319869995117
27.980619430541992
37.57775115966797
34.137081146240234
31.69066619873047
30.160945892333984
32.89567947387695
34.501564025878906
34.01323318481445
30.40278434753418
36.97723388671875
37.4261360168457
31.305429458618164
34.646305084228516
24.936063766479492
32.453731536865234
35.17092514038086
35.3733024597168
33.241539001464844
32.975460052490234
26.22229766845703
37.586124420166016
34.18836975097656
30.45926856994629
38.09666442871094
31.921594619750977
35.577945709228516
31.772777557373047
29.477340698242188
37.235557556152344
33.110225677490234
37.366554260253906
33.50614547729492
31.216785430908203
35.081809997558594
35.828338623046875
30.369979858398438
30.0179443359375
38.8452262878418
31.135408401489258
27.391267776489258
33.36488723754883
36.40632629394531
32.027427673339844
32.61518478393555
35.871337890625
37.54221725463867
33.086063385009766
36.61236572265625
28.824316024780273
25.96158218383789
26.539155960083008
33.46624755859375
32.98367691040039
41.53662109375
34.44657516479492
31.892717361450195
31.871923446655273
28.69891929626465
35.19868469238281
34.240718841552734
36.10478210449219
29.5107421875
34.40715789794922
29.23939323425293
32.056156158447266
27.67148208618164
33.1462287902832
34.6585578918457
31.320558547973633
30.62649917602539
27.91969108581543
42.97626876831055
34.04292297363281
31.975317001342773
29.11785888671875
36.410301208496094
32.84132766723633
30.795774459838867
35.20233917236328
35.2640380859375
33.21669006347656
30.02630615234375
29.5733642578125
34.42564392089844
34.338157653808594
32.074642181396484
31.056568145751953
28.258527755737305
31.186307907104492
30.115188598632812
30.996429443359375
33.95793914794922
32.74065017700195
30.364761352539062
33.89769744873047
27.988428115844727
35.73738479614258
41.24876403808594
25.26099967956543
30.440521240234375
34.706451416015625
31.27478790283203
36.56156921386719
32.70530319213867
32.13426208496094
35.34114456176758
31.649272918701172
31.42650604248047
28.182701110839844
29.453571319580078
29.44917106628418
34.39772033691406
32.82714080810547
35.463138580322266
30.309816360473633
37.75190353393555
28.95854949951172
28.62242889404297
28.0870361328125
36.675228118896484
37.99458694458008
31.783370971679688
33.516605377197266
28.798110961914062
31.169727325439453
33.9758415222168
26.862428665161133
32.455657958984375
27.208349227905273
33.132469177246094
32.21998596191406
33.81940841674805
24.718061447143555
39.151092529296875
28.11299705505371
30.55585479736328
33.7870979309082
28.439903259277344
32.014739990234375
31.12706184387207
32.223182678222656
34.3458137512207
30.225975036621094
35.508975982666016
35.834564208984375
26.697446823120117
34.68782043457031
29.940027236938477
28.132036209106445
34.734222412109375
33.00461196899414
40.16045379638672
33.67168045043945
38.45384216308594
34.76289367675781
29.117290496826172
30.85233497619629
32.74519348144531
34.04132080078125
36.0997200012207
34.23069381713867
29.101484298706055
40.356510162353516
38.19811248779297
34.557708740234375
30.93413734436035
35.758827209472656
36.40687561035156
33.8508415222168
35.467533111572266
31.268808364868164
30.888992309570312
34.37551498413086
27.167890548706055
35.342689514160156
31.688982009887695
33.54832077026367
32.03633117675781
33.081138610839844
32.93634796142578
33.4649772644043
27.860240936279297
35.22496032714844
30.643056869506836
33.06819152832031
27.684545516967773
33.499027252197266
35.58058547973633
28.97477912902832
29.553726196289062
37.47505187988281
37.32731628417969
32.669376373291016
31.085676193237305
32.77881622314453
32.570308685302734
35.2150764465332
31.455678939819336
33.51554870605469
31.20867347717285
35.26251220703125
30.74183464050293
29.384967803955078
32.283267974853516
34.678768157958984
37.81557083129883
34.52681350708008
30.425769805908203
30.401464462280273
36.66069030761719
38.07192611694336
31.107465744018555
30.513917922973633
33.172672271728516
29.723628997802734
37.369083404541016
31.08624839782715
36.755271911621094
36.06204605102539
29.4425106048584
38.84663009643555
34.01646041870117
30.54012680053711
30.599395751953125
32.97814178466797
27.226831436157227
33.79913330078125
28.862613677978516
36.024532318115234
36.39472961425781
36.19758605957031
31.96577262878418
29.528711318969727
30.460554122924805
29.135295867919922
27.912967681884766
34.03178787231445
31.912338256835938
33.112613677978516
