0.6931140422821045
0.6931262612342834
0.6931321024894714
0.6931289434432983
0.6931188702583313
0.6931033730506897
0.6930786967277527
0.6930417418479919
0.693000316619873
0.6929516792297363
0.6928947567939758
0.6928438544273376
0.6927779316902161
0.6927005648612976
0.6926349401473999
0.692564845085144
0.6924693584442139
0.6923733353614807
0.6922799348831177
0.6921942830085754
0.6921180486679077
0.6919847130775452
0.6918855905532837
0.691795825958252
0.6916455030441284
0.6915507912635803
0.691419780254364
0.6912761926651001
0.6911144852638245
0.6909858584403992
0.6908544898033142
0.6907133460044861
0.6905214786529541
0.6903537511825562
0.6901808381080627
0.6899844408035278
0.6898035407066345
0.6896494626998901
0.6893233060836792
0.6891454458236694
0.6888986825942993
0.6886032819747925
0.6884440779685974
0.6880785226821899
0.6880063414573669
0.6875869035720825
0.6872760057449341
0.6869920492172241
0.6866615414619446
0.6863666772842407
0.6860657930374146
0.6855852007865906
0.6853852272033691
0.6849341988563538
0.6841611862182617
0.6841393113136292
0.6834946870803833
0.6829540133476257
0.6821854710578918
0.681668758392334
0.6811811327934265
0.6804814338684082
0.6800105571746826
0.6792325973510742
0.678411066532135
0.6777939200401306
0.6770344972610474
0.6759985089302063
0.6752703785896301
0.6746923327445984
0.673427939414978
0.6714850068092346
0.6700985431671143
0.6691361665725708
0.668390154838562
0.6663691997528076
0.6649787425994873
0.66324383020401
0.6622458696365356
0.6609520316123962
0.6586509346961975
0.6563624739646912
0.6546964049339294
0.651197075843811
0.649703323841095
0.6475909352302551
0.6437095999717712
0.6407246589660645
0.6365023851394653
0.632731556892395
0.6285573840141296
0.6263322234153748
0.6165047883987427
0.6148533225059509
0.6106773614883423
0.5991470217704773
0.5935512781143188
0.5914521217346191
0.5794417262077332
0.5754275321960449
0.5712753534317017
0.5642797946929932
0.5576190948486328
0.5546338558197021
0.5408602952957153
0.5438675284385681
0.529194712638855
0.520393431186676
0.5148791670799255
0.5090940594673157
0.5050707459449768
0.4915144443511963
0.48097479343414307
0.46920233964920044
0.47520387172698975
0.4518387019634247
0.4439131021499634
0.44703757762908936
0.4315509498119354
0.443191796541214
0.4254797101020813
0.41473880410194397
0.4147818684577942
0.39821115136146545
0.3970201313495636
0.3934829533100128
0.3816746473312378
0.3828941583633423
0.3768390119075775
0.35431793332099915
0.3581624925136566
0.3598237931728363
0.35664066672325134
0.3379254937171936
0.3461884558200836
0.322544664144516
0.33400002121925354
0.33261168003082275
0.3218923807144165
0.3032647371292114
0.31262195110321045
0.3005595803260803
0.29779040813446045
0.2694658935070038
0.2610272169113159
0.2836179733276367
0.269534170627594
0.2621608078479767
0.24951504170894623
0.2510693073272705
0.2436240315437317
0.2363383024930954
0.240706667304039
0.24377082288265228
0.23737788200378418
0.24129296839237213
0.22419953346252441
0.2302338033914566
0.22846955060958862
0.21042567491531372
0.19120843708515167
0.20483927428722382
0.21059729158878326
0.19883456826210022
0.18440456688404083
0.18754732608795166
0.17172789573669434
0.17144304513931274
0.18813388049602509
0.17165005207061768
0.18155941367149353
0.18019656836986542
0.17792809009552002
0.16565680503845215
0.14656247198581696
0.15390050411224365
0.14705508947372437
0.16047967970371246
0.16700367629528046
0.1283586621284485
0.131167471408844
0.13339218497276306
0.1317698359489441
0.11613653600215912
0.1257774829864502
0.13309912383556366
0.10578867048025131
0.10971192270517349
0.13134588301181793
0.11501358449459076
0.1139492616057396
0.1101001501083374
0.09668654203414917
0.12149006873369217
0.08222092688083649
0.08866765350103378
0.10571373999118805
0.07814736664295197
0.0919823870062828
0.08469464629888535
0.10142186284065247
0.08776931464672089
0.0874527245759964
0.08673520386219025
0.06650608032941818
0.0815279483795166
0.08077594637870789
0.07260860502719879
0.0733489841222763
0.07450110465288162
0.08256608992815018
0.07112903892993927
0.07118628919124603
0.055407196283340454
0.07461827248334885
0.06689683347940445
0.06607000529766083
0.05828970670700073
0.07407175004482269
0.07048965245485306
0.06345248967409134
0.05104036629199982
0.057175856083631516
0.05921812355518341
0.05106619745492935
0.0645257905125618
0.05246511474251747
0.06709913164377213
0.04480438679456711
0.06425512582063675
0.04877304285764694
0.05999309569597244
0.03837716579437256
0.0379226878285408
0.05795900523662567
0.05086066201329231
0.04408539459109306
0.04454411566257477
0.045014187693595886
0.044488128274679184
0.03711218386888504
0.04177875816822052
0.044693395495414734
0.03905646502971649
0.04076410457491875
0.03909067064523697
0.046817053109407425
0.03312154859304428
0.04184824973344803
0.0417068786919117
0.034727804362773895
0.041473694145679474
0.03560923412442207
0.03568986430764198
0.033301182091236115
0.02873259410262108
0.04681394621729851
0.040301647037267685
0.028677087277173996
0.0313856303691864
0.02991531416773796
0.033031072467565536
0.026674369350075722
0.027468092739582062
0.028937146067619324
0.029246505349874496
0.028134142979979515
0.030953573063015938
0.01807735115289688
0.022672072052955627
0.02907075732946396
0.026480810716748238
0.025620438158512115
0.028027189895510674
0.028380723670125008
0.030441749840974808
0.029646679759025574
0.023277536034584045
0.03581492602825165
0.027769552543759346
0.016270358115434647
0.026473430916666985
0.024562066420912743
0.026221970096230507
0.02653546631336212
0.02017251029610634
0.02660008892416954
0.024727843701839447
0.024611175060272217
0.0276771429926157
0.024258052930235863
0.02121363766491413
0.02038935199379921
0.0221987534314394
0.0235587190836668
0.019816095009446144
0.020762624219059944
0.02081199921667576
0.018035633489489555
0.035280730575323105
0.025866620242595673
0.025655601173639297
0.020737407729029655
0.022952046245336533
0.018535522744059563
0.023725243285298347
0.018386317417025566
0.022116703912615776
0.02104487270116806
0.02363991178572178
0.02087927609682083
0.01985943503677845
0.024543050676584244
0.01661563478410244
0.014094163663685322
0.018504489213228226
0.019831757992506027
0.01541659515351057
0.018414072692394257
0.014841913245618343
0.0165905449539423
0.013826918788254261
0.016694262623786926
0.01312591414898634
0.016040300950407982
0.01547146961092949
0.014954585582017899
0.014709843322634697
0.014769664034247398
0.01961096003651619
0.015092512592673302
0.015466513112187386
0.023233238607645035
0.013203965499997139
0.016657715663313866
0.017850125208497047
0.010107625275850296
0.014537369832396507
0.01572902873158455
0.016937900334596634
0.012923024594783783
0.014734506607055664
0.014242948964238167
0.009166396223008633
0.013820097781717777
0.015275337733328342
0.016664989292621613
0.012894128449261189
0.012804477475583553
0.015435151755809784
0.01200556568801403
0.014820977114140987
0.014721817336976528
0.010298081673681736
0.010749167762696743
0.01379501260817051
0.012129205279052258
0.0170856025069952
0.01125327032059431
0.01002391055226326
0.010321022011339664
0.010821162723004818
0.006930975243449211
0.011985828168690205
0.013626460917294025
0.011396175250411034
0.011700049974024296
0.016861461102962494
0.008174835704267025
0.015942418947815895
0.014771307818591595
0.013589996844530106
0.009154995903372765
0.011382625438272953
0.013293062336742878
0.011999459937214851
0.008104903623461723
0.011640792712569237
0.0108822425827384
0.011889464221894741
0.01093845535069704
0.009334025904536247
0.007790664676576853
0.010280387476086617
0.013392164371907711
0.010287506505846977
0.011420727707445621
0.007605721242725849
0.009182731620967388
0.01113548781722784
0.009050163440406322
0.00783923827111721
0.012859116308391094
0.011219656094908714
0.009582916274666786
0.010519389063119888
0.010028804652392864
0.012247388251125813
0.011268051341176033
0.013553418219089508
0.011512507684528828
0.011523624882102013
0.007622889243066311
0.009577947668731213
0.008908913470804691
0.00937446765601635
0.006772986147552729
0.007132322061806917
0.007510746829211712
0.011142166331410408
0.00622890330851078
0.007961961440742016
0.00859173946082592
0.006809449288994074
0.01125284843146801
0.005566736217588186
0.008571363054215908
0.008699428290128708
0.00784151628613472
0.008997616358101368
0.00583598343655467
0.008094600401818752
0.008961106650531292
0.009079652838408947
0.00794573500752449
0.005594526883214712
0.00786235649138689
0.005604978650808334
0.007918929681181908
0.007568161003291607
0.006636897101998329
0.006525175180286169
0.007170704659074545
0.007313142996281385
0.004902449436485767
0.011127636767923832
0.006348578259348869
0.00741887791082263
0.006830909755080938
0.008349978365004063
0.004937691148370504
0.00910468865185976
0.00926797091960907
0.00788804143667221
0.0053018974140286446
0.0074758329428732395
0.00857390183955431
0.00870768167078495
0.009654832072556019
0.0058541065081954
0.00969933345913887
0.007876547053456306
0.00942410808056593
0.008356314152479172
0.008708440698683262
0.007259194739162922
0.006795867811888456
0.00956957507878542
0.00946018286049366
0.009085689671337605
0.0068646264262497425
0.00637214258313179
0.010324240662157536
0.00785765890032053
0.008807875216007233
0.007764921523630619
0.00498247379437089
0.010135507211089134
0.0058573451824486256
0.007226864341646433
0.008363285101950169
0.0059907035902142525
0.006196802016347647
0.0057902890257537365
0.00828487053513527
0.005724503193050623
0.0053951432928442955
0.008205694146454334
0.006107113789767027
0.008924432098865509
0.004471763037145138
0.006620085798203945
0.008309891447424889
0.005054704379290342
0.008340303786098957
0.00871236901730299
0.007508418057113886
0.007303405553102493
0.00822483841329813
0.00654429430142045
0.007252861745655537
0.005243750289082527
0.006016467697918415
0.005826022010296583
0.0038456826005131006
0.010738680139183998
0.0066994489170610905
0.006645273882895708
0.008483173325657845
0.007115575484931469
0.004307267721742392
0.00666805962100625
0.006670888047665358
0.006363703403621912
0.004592603072524071
0.0061986250802874565
0.00499043008312583
0.009291810914874077
0.005599996540695429
0.008512525819242
0.005926898214966059
0.005987342447042465
0.006557690445333719
0.0066840145736932755
0.005243969149887562
0.006427275016903877
0.006513888482004404
0.005521278362721205
0.006213802378624678
0.008008936420083046
0.0066525693982839584
0.006508662831038237
0.006862882059067488
0.0063487025909125805
0.008409634232521057
0.006150743458420038
0.005209730938076973
0.006764950696378946
0.006702502723783255
0.006460520904511213
0.0068622762337327
0.008552168495953083
0.009043869562447071
0.00879842508584261
0.006956427823752165
0.006121936719864607
0.00840036477893591
0.008090151473879814
0.008550915867090225
0.008572695776820183
0.007432693615555763
0.006118872202932835
0.007646465208381414
0.008196833543479443
0.009058908559381962
0.009949601255357265
0.005491697229444981
0.005763682536780834
0.007739527616649866
0.006560483016073704
0.00734894722700119
0.007848681882023811
0.008656458929181099
0.005500528030097485
0.008534145541489124
0.006568805780261755
0.009009535424411297
0.006735046394169331
0.006988610606640577
0.005299705546349287
0.0056196474470198154
0.006956234574317932
0.005657960660755634
0.006975914351642132
0.006938339211046696
0.007023050915449858
0.007561247795820236
0.009107613004744053
0.005682197865098715
0.006760102696716785
0.006099111866205931
0.009033233858644962
0.007502614986151457
0.004502599593251944
0.006456349510699511
0.005721381399780512
0.005180944222956896
0.008678221143782139
0.006658646278083324
0.00983875896781683
0.006941528059542179
0.006778567563742399
0.005504604894667864
0.006711695343255997
0.007417827378958464
0.0073684039525687695
0.006154077127575874
0.0074302637949585915
0.007155801169574261
0.006991741247475147
0.006767912767827511
0.005570243112742901
0.004751687403768301
0.005949214566498995
0.005763443186879158
0.005006395746022463
0.006279001943767071
0.00632538553327322
0.005584083031862974
0.0063713020645082
0.004841463640332222
0.004508546087890863
0.007255086675286293
0.005876291077584028
0.0070206536911427975
0.0038202377036213875
0.0058442410081624985
0.004281990230083466
0.005010037682950497
0.00890600960701704
0.004215971101075411
0.005318072158843279
0.007049718406051397
0.007286963518708944
0.0030235222075134516
0.007104729767888784
0.004902880173176527
0.004769880790263414
0.004503387026488781
0.007456381805241108
0.0060425130650401115
0.005984973628073931
0.006349700037389994
0.00862466637045145
0.004459010902792215
0.00480098370462656
0.007220740430057049
0.005654819775372744
0.00713283522054553
0.005296139977872372
0.0049486830830574036
0.007890792563557625
0.008173739537596703
0.004563031252473593
0.004319552332162857
0.007033471949398518
0.005673670209944248
0.005014955997467041
0.007512709125876427
0.006555043160915375
0.006436577998101711
0.004598305560648441
0.006062403786927462
0.006526755169034004
0.006367592606693506
0.0056562265381217
0.008443568833172321
0.007287795655429363
0.007982066832482815
0.007157729007303715
0.006953476928174496
0.00548103591427207
0.007215379737317562
0.006020507775247097
0.0062852343544363976
0.0059094056487083435
0.007782368455082178
0.006851037498563528
0.007619024254381657
0.007241899147629738
0.005958290304988623
0.004837666172534227
0.00521948141977191
0.007290214765816927
0.008674385026097298
0.005929270759224892
0.005068595986813307
0.006521109025925398
0.004575770813971758
0.005994854029268026
0.00817759707570076
0.006702892016619444
0.008832926861941814
0.006993414834141731
0.007016162853688002
0.008398356847465038
0.006845324765890837
0.005883972160518169
0.006342849228531122
0.005493961274623871
0.004997801501303911
0.005083838012069464
0.007431175094097853
0.004497840069234371
0.006433089263737202
0.00395504105836153
0.004429087042808533
0.005960947833955288
0.006529179401695728
0.0065537551417946815
0.005412560421973467
0.005487596616148949
0.006699194200336933
0.004640614613890648
0.006004150491207838
0.0051576970145106316
0.006486180704087019
0.004889662377536297
0.006779426708817482
0.006587298586964607
0.005053546745330095
0.006688021123409271
0.005007854662835598
0.006331227254122496
0.0070512848906219006
0.003977323416620493
0.00485206488519907
0.004720617551356554
0.0042142849415540695
0.004633869510143995
0.007476575206965208
0.005650326609611511
0.005342100281268358
0.011119344271719456
0.006219204515218735
0.005755416117608547
0.005771590396761894
0.0035874429158866405
0.005241150036454201
0.00916402880102396
0.005246827378869057
0.006802552845329046
0.0056364345364272594
0.005807644221931696
0.00491515314206481
0.005233995150774717
0.007688646204769611
0.003286749590188265
0.003911771811544895
0.007036894094198942
0.006308846641331911
0.0061781806871294975
0.003086645854637027
0.0068365540355443954
0.0039003477431833744
0.00430698785930872
0.0062790061347186565
0.004082831088453531
0.003933374769985676
0.005686686374247074
0.0052160886116325855
0.0035330327227711678
0.005329398903995752
0.005631772801280022
0.005221152678132057
0.004914622288197279
0.0051100729033350945
0.004958391655236483
0.004200604744255543
0.004401929210871458
0.006692639552056789
0.004003128968179226
0.004530651494860649
0.00516986520960927
0.005756020545959473
0.005274712573736906
0.004542992450296879
0.004392076283693314
0.0066898781806230545
0.006881361827254295
0.0041628992184996605
0.006577755324542522
0.006220241542905569
0.005065219476819038
0.0045124320313334465
0.004095352254807949
0.0038335800636559725
0.0036012448836117983
0.0033079192508012056
0.005883174017071724
0.003918292932212353
0.006535905413329601
0.005151840392500162
0.005149317439645529
0.004372275434434414
0.0050958991050720215
0.0047225928865373135
0.006347774527966976
0.0044553400948643684
0.003954034764319658
0.005541306920349598
0.0062810336239635944
0.005183898378163576
0.0053332471288740635
0.0040161143988370895
0.007215540856122971
0.006255007348954678
0.005925805773586035
0.00660088611766696
0.004773130640387535
0.006382782943546772
0.00329908006824553
0.0042347535490989685
0.006043128203600645
0.0027432807255536318
0.0030899797566235065
0.003729840274900198
0.004243528936058283
0.005648767109960318
0.005789141170680523
0.004077329766005278
0.005237533710896969
0.004365928936749697
0.004280879627913237
0.003087530145421624
0.004239541944116354
0.004192330874502659
0.004422992933541536
0.006623597349971533
0.003569272579625249
0.006279325112700462
0.003799817990511656
0.004482230171561241
0.004836243577301502
0.0061736395582556725
0.005611917469650507
0.004084733780473471
0.005025118123739958
0.0045953188091516495
0.0072629800997674465
0.0037296684458851814
0.005631791427731514
0.0076953996904194355
0.004849852994084358
0.005125841125845909
0.005048726685345173
0.004127129912376404
0.005474840756505728
0.0048201740719377995
0.005489314906299114
0.005770745687186718
0.006860948633402586
0.0047486936673521996
0.005286143161356449
0.005000219214707613
0.005423190072178841
0.00453911954537034
0.004570818971842527
0.004495403729379177
0.007797879632562399
0.005576866213232279
0.005534410942345858
0.007945265620946884
0.006817480083554983
0.005901056341826916
0.005911870859563351
0.006453212350606918
0.005596556700766087
0.004814310930669308
0.00718549732118845
0.0037542793434113264
0.003408098593354225
0.006039540749043226
0.004871360957622528
0.003836989402770996
0.005817498080432415
0.006885469891130924
0.006348945200443268
0.005020176991820335
0.006336896680295467
0.006956764031201601
0.005013350397348404
0.00793046411126852
0.00628850469365716
0.007360599935054779
0.008356024511158466
0.006265723146498203
0.005840906873345375
0.007766901981085539
0.006522688083350658
0.006900802254676819
0.005066571291536093
0.005661475472152233
0.006164422258734703
0.00914862472563982
0.0044009266421198845
0.006952361203730106
0.007521027233451605
0.0077164554968476295
0.007648858707398176
0.008507179096341133
0.007045987527817488
0.00699522253125906
0.008944688364863396
0.006967124063521624
0.007541590370237827
0.0068846214562654495
0.005997912492603064
0.00862733181566
0.009520516730844975
0.008583880960941315
0.005782692227512598
0.0060162716545164585
0.005627660546451807
0.007331592496484518
0.009702833369374275
0.008139185607433319
0.007322306744754314
0.008074158802628517
0.0063543845899403095
0.00625148881226778
0.006388503592461348
0.005066916346549988
0.008006683550775051
0.007313582580536604
0.005099122412502766
0.00724957138299942
0.00739064859226346
0.006802104413509369
0.006617694161832333
0.0050138686783611774
0.005346993450075388
0.007777629420161247
0.006351592019200325
0.0076744044199585915
0.00587470130994916
0.0069990917108953
0.004716978408396244
0.006059910636395216
0.006319467443972826
0.005937378853559494
0.005151075776666403
0.006004050839692354
0.005557391792535782
0.0037229428999125957
0.005938299000263214
0.005379884969443083
0.00708306860178709
0.004753843415528536
0.007345173507928848
0.005506640300154686
0.002786526456475258
0.006876155734062195
0.0035966758150607347
0.0053024739027023315
0.004349356982856989
0.004543335177004337
0.003416829975321889
0.004199342802166939
0.003523041494190693
0.005221738014370203
0.0034094033762812614
0.006794149987399578
0.00429815798997879
0.0048247333616018295
0.004149824846535921
0.0026560432743281126
0.005209998227655888
0.0054510836489498615
0.003524959087371826
0.0033959350548684597
0.005727346986532211
0.004007745999842882
0.004996114410459995
0.005619983654469252
0.004308340605348349
0.005018034018576145
0.005483436863869429
0.0036052290815860033
0.004323258064687252
0.003665991360321641
0.004550184588879347
0.005025140475481749
0.004807418677955866
0.006223742850124836
0.005023891106247902
0.003811104455962777
0.005795514676719904
0.006903575733304024
0.003087253076955676
0.0068228766322135925
0.004729484673589468
0.005402371287345886
0.003921568859368563
0.0044717807322740555
0.004338188096880913
0.004287008196115494
0.005567650310695171
0.0049162996001541615
0.005148726515471935
0.003786545479670167
0.003438676241785288
0.005215097218751907
0.004689228255301714
0.004236595705151558
0.007644413039088249
0.006524704396724701
0.005930721759796143
0.004750341642647982
0.005875352770090103
0.0081270607188344
0.006273526232689619
0.005150025710463524
0.005063438322395086
0.006424747407436371
0.005296875257045031
0.0061238007619977
0.006059607025235891
0.004681715741753578
0.0075329807586967945
0.008044423535466194
0.004439152777194977
0.004831002559512854
0.005989942699670792
0.00574864074587822
0.0051975008100271225
0.0052518416196107864
0.005646470468491316
0.007389802020043135
0.007859180681407452
0.006699827499687672
0.0050371871329844
0.00906462874263525
0.007369326427578926
0.007013801019638777
0.006738518830388784
0.005222417879849672
0.007380280643701553
0.008502732031047344
0.008678444661200047
0.0051214126870036125
0.010320056229829788
0.007762830704450607
0.005773383192718029
0.006223000586032867
0.009139318019151688
0.008105508983135223
0.006601396016776562
0.010566583834588528
0.006588915828615427
0.007411245722323656
0.009207130409777164
0.005483333021402359
0.0065560173243284225
0.008080130442976952
0.006941469851881266
0.004564155358821154
0.009074527770280838
0.006042163819074631
0.0066240206360816956
0.009487302973866463
0.006672970484942198
0.007322679273784161
0.00864981859922409
0.008912620134651661
0.010382112115621567
0.00701750535517931
0.006285276263952255
0.012223356403410435
0.005917462520301342
0.008014366962015629
0.009517841041088104
0.007261543534696102
0.01096480991691351
0.007224537897855043
0.011587796732783318
0.005939326714724302
0.007413804531097412
0.00943614449352026
0.006302913650870323
0.010103638283908367
0.009793456643819809
0.006774998735636473
0.006987412925809622
0.006596991792321205
0.00865590013563633
0.006353409495204687
0.006141263525933027
0.006739271339029074
0.006680063903331757
0.012528833001852036
0.009127235040068626
0.007548016030341387
0.008854130282998085
0.007974062114953995
0.008613258600234985
0.009471177123486996
0.008612826466560364
0.004310597665607929
0.008254545740783215
0.0066319298930466175
0.009495608508586884
0.007040968630462885
0.009468035772442818
0.009198026731610298
0.007504564244300127
0.010498312301933765
0.0077429343946278095
0.004103794693946838
0.007537905126810074
0.009139721281826496
0.007872963324189186
0.007577619049698114
0.006431549321860075
0.008406750857830048
0.008318877778947353
0.008289632387459278
0.01120702177286148
0.008721309714019299
0.006503302603960037
0.008877936750650406
0.008025073446333408
0.0071258763782680035
0.006344106514006853
0.007558747194707394
0.00718696741387248
0.008446957916021347
0.009368960745632648
0.007654643151909113
0.008794773370027542
0.010856100358068943
0.0070606740191578865
0.008868861943483353
0.008641407825052738
0.010472152382135391
0.008084985427558422
0.011686064302921295
0.008972199633717537
0.006159938406199217
0.007287515792995691
0.00876692309975624
0.011230368167161942
0.010023696348071098
0.01003328338265419
0.01745917834341526
0.007160083390772343
0.012251505628228188
0.011554642580449581
0.014330538921058178
0.008855102583765984
0.009038305841386318
0.010335803963243961
0.008855100721120834
0.012875816784799099
0.00755234295502305
0.00826497096568346
0.011165753938257694
0.009899611584842205
0.00977148674428463
0.010525434277951717
0.007677298504859209
0.009358745999634266
0.010507858358323574
0.012630293145775795
0.01114684995263815
0.01416483148932457
0.013457069173455238
0.010122299194335938
0.01226003561168909
0.012900270521640778
0.010451816022396088
0.01118555199354887
0.012426708824932575
0.009857183322310448
0.01232291292399168
0.014707944355905056
0.009754440747201443
0.007889850065112114
0.012759021483361721
0.013296580873429775
0.00727212056517601
0.009587559849023819
0.011850543320178986
0.009711440652608871
0.012865190394222736
0.01541099138557911
0.008408076129853725
0.011880465783178806
0.010813804343342781
0.011415529064834118
0.012710895389318466
0.01119989063590765
0.015092798508703709
0.01034272275865078
0.015534385107457638
0.011060248129069805
0.009619318880140781
0.009330540895462036
0.011826303787529469
0.013165143318474293
0.016451140865683556
0.015878980979323387
0.014762594364583492
0.013579657301306725
0.015479565598070621
0.01904958486557007
0.014853225089609623
0.012445340864360332
0.01240340992808342
0.01899823360145092
0.012361717410385609
0.011868410743772984
0.01553374994546175
0.010373366065323353
0.013327411375939846
0.011060889810323715
0.016627641394734383
0.015859926119446754
0.009039884433150291
0.01251689251512289
0.014693321660161018
0.010332495905458927
0.014236832968890667
0.019591018557548523
0.019153697416186333
0.01607888750731945
0.017389995977282524
0.019312875345349312
0.013029821217060089
0.013229988515377045
0.01831638067960739
0.01982901617884636
0.017524635419249535
0.012916775420308113
0.014490526169538498
0.016749635338783264
0.012814288027584553
0.02194063737988472
0.021043715998530388
0.024874400347471237
0.01632586494088173
0.014287246391177177
0.016055159270763397
0.010718727484345436
0.015891125425696373
0.016016129404306412
0.011818554252386093
0.011211952194571495
0.014235755428671837
0.017837705090641975
0.017456568777561188
0.013804578222334385
0.017608165740966797
0.01399908121675253
0.02102688141167164
0.017889713868498802
0.013357548043131828
0.01705729030072689
0.01853041537106037
0.01527450606226921
0.013573064468801022
0.015616524964571
0.014349138364195824
0.013965865597128868
0.015439433977007866
0.013528919778764248
0.011765173636376858
0.016561882570385933
0.020694218575954437
0.012616210617125034
0.014982691034674644
0.024543041363358498
0.020540159195661545
0.01712270826101303
0.01731283776462078
0.023252002894878387
0.018479015678167343
0.021335415542125702
0.019007766619324684
0.0167837031185627
0.019837524741888046
0.017065875232219696
0.02443779818713665
0.014541413635015488
0.02208266779780388
0.015801137313246727
0.014205293729901314
0.017758015543222427
0.01777159608900547
0.021593257784843445
0.019727444276213646
0.020715542137622833
0.022149475291371346
0.02499506250023842
0.023664014413952827
0.01624399982392788
0.014969322830438614
0.023289211094379425
0.01829121820628643
0.023282375186681747
0.019651904702186584
0.02172907628118992
0.022191397845745087
0.01951819285750389
0.018053466454148293
0.016347628086805344
0.022444607689976692
0.019923463463783264
0.019082961603999138
0.022196119651198387
0.022905034944415092
0.02419840358197689
0.023494480177760124
0.030181849375367165
0.026724517345428467
0.02407650649547577
0.018290052190423012
0.024438293650746346
0.018353905528783798
0.02478427067399025
0.03248688578605652
0.03248899057507515
0.024036500602960587
0.030269581824541092
0.02669771946966648
0.0369233638048172
0.024360591545701027
0.030691945925354958
0.03267626464366913
0.036141715943813324
0.03840792179107666
0.017107617110013962
0.04151705652475357
0.031796906143426895
0.04183308035135269
0.02888943813741207
0.03662954643368721
0.038972653448581696
0.03190179169178009
0.03132699057459831
0.03658962622284889
0.031736843287944794
0.03910549730062485
0.03701911121606827
0.032028891146183014
0.034991659224033356
0.04533343389630318
0.03341639041900635
0.03136295825242996
0.03427431732416153
0.03886114060878754
0.032431334257125854
0.04179006069898605
0.041453924030065536
0.04073181748390198
0.05679701268672943
0.04078127443790436
0.037628669291734695
0.04366784542798996
0.03536096215248108
0.041011132299900055
0.04194492846727371
0.036250319331884384
0.04020407795906067
0.03950875997543335
0.03319069743156433
0.047087330371141434
0.030847474932670593
0.03352772817015648
0.04355282336473465
0.05196242779493332
0.03340556472539902
0.05271833762526512
0.051307350397109985
0.052511442452669144
0.03615988790988922
0.039386823773384094
0.03902243822813034
0.06359875947237015
0.04451131448149681
0.03877837583422661
0.06343724578619003
0.06335391849279404
0.05334587022662163
0.04474151134490967
0.0663449838757515
0.06346183270215988
0.07112386077642441
0.059570662677288055
0.058176472783088684
0.06495490670204163
0.06209072098135948
0.05953684821724892
0.05308019369840622
0.060942307114601135
0.06562905013561249
0.04403354600071907
0.05273319408297539
0.05902058258652687
0.053528085350990295
0.06657904386520386
0.05883237347006798
0.07691418379545212
0.07230299711227417
0.06293046474456787
0.06879056245088577
0.0707579031586647
0.06688352674245834
0.08007001131772995
0.06398873031139374
0.06682947278022766
0.052913881838321686
0.0612148754298687
0.06990725547075272
0.08973025530576706
0.08085630089044571
0.07890132814645767
0.056114111095666885
0.0746086910367012
0.06855688244104385
0.06052752956748009
0.06317834556102753
0.06301091611385345
0.06789875775575638
0.09759198874235153
0.07432863861322403
0.06744854897260666
0.08489834517240524
0.09681907296180725
0.08441364765167236
0.07684580981731415
0.07666086405515671
0.07132486253976822
0.08132169395685196
0.09814077615737915
0.09253817796707153
0.08535657823085785
0.09363417327404022
0.07872059941291809
0.10711102932691574
0.06034950539469719
0.09071514755487442
0.10261021554470062
0.07366406172513962
0.08292816579341888
0.07710962742567062
0.090218186378479
0.08744525909423828
0.09591048210859299
0.08503457903862
0.0747096911072731
0.09285032004117966
0.07725657522678375
0.0915006622672081
0.0954803004860878
0.09281246364116669
0.10998373478651047
0.11068395525217056
0.09432167559862137
0.12012533098459244
0.1046837642788887
0.10890764743089676
0.10782308876514435
0.07633557170629501
0.0958503857254982
0.10067504644393921
0.09370757639408112
0.10220243036746979
0.1115105077624321
0.1116182804107666
0.10834221541881561
0.11335275322198868
0.12281536310911179
0.08791185170412064
0.10538438707590103
0.09457837045192719
0.10915710777044296
0.1191900297999382
0.10031665861606598
0.10382218658924103
0.10766836255788803
0.12131915241479874
0.10527396947145462
0.12942944467067719
0.11631979048252106
0.1116933822631836
0.11797332018613815
0.11212652921676636
0.11650176346302032
0.13796599209308624
0.08330010622739792
0.1428600549697876
0.12437591701745987
0.1047755554318428
0.10151087492704391
0.13946063816547394
0.12667566537857056
0.12117084860801697
0.12124846875667572
0.15214714407920837
0.13690686225891113
0.1526820808649063
0.12492569535970688
0.12539279460906982
0.11889172345399857
0.15717142820358276
0.11373767256736755
0.12506139278411865
0.1560910940170288
0.1337193101644516
0.1307852417230606
0.1274600327014923
0.12428991496562958
0.1231306716799736
0.11354377865791321
0.15307873487472534
0.18578816950321198
0.17285296320915222
0.12996700406074524
0.18607784807682037
0.1597241759300232
0.12093235552310944
0.14514976739883423
0.17846578359603882
0.1555207222700119
0.13270269334316254
0.1288122832775116
0.17914173007011414
0.22743241488933563
0.13411960005760193
0.13606710731983185
0.16945780813694
0.1736230105161667
0.13254494965076447
0.15254950523376465
0.1783553957939148
0.15897826850414276
0.17776678502559662
0.17757996916770935
0.1732175201177597
0.1950116902589798
0.16223286092281342
0.14389000833034515
0.1797790229320526
0.19392956793308258
0.20956772565841675
0.18626683950424194
0.19241315126419067
0.19250333309173584
0.20893117785453796
0.1740161031484604
0.18257290124893188
0.19580724835395813
0.1757012903690338
0.1743658483028412
0.13681241869926453
0.20716384053230286
0.210343599319458
0.19321280717849731
0.17955780029296875
0.20097243785858154
0.2225668728351593
0.16292011737823486
0.16952911019325256
0.2049362063407898
0.21370254456996918
0.15460820496082306
0.18126694858074188
0.21645404398441315
0.18658582866191864
0.19673652946949005
0.22187446057796478
0.21234215795993805
0.16362357139587402
0.1560329794883728
0.17838269472122192
0.2221047580242157
0.18819467723369598
0.16555558145046234
0.1995210200548172
0.21517205238342285
0.2323961704969406
0.17225004732608795
0.16471169888973236
0.19686205685138702
0.1831289529800415
0.18480432033538818
0.20122426748275757
0.1955784410238266
0.16584905982017517
0.1881146878004074
0.1876423954963684
0.19111572206020355
0.1888599544763565
0.16743262112140656
0.2274712473154068
0.1873515248298645
0.15046483278274536
0.16042566299438477
0.18371832370758057
0.16360078752040863
0.18870237469673157
0.1850155144929886
0.2036857306957245
0.21336282789707184
0.19630132615566254
0.17557542026042938
0.14757433533668518
0.16616219282150269
0.16626587510108948
0.17423687875270844
0.17657749354839325
0.16592034697532654
0.18824318051338196
0.19499872624874115
0.15190863609313965
0.18408747017383575
0.16413302719593048
0.19430124759674072
0.15974463522434235
0.20487047731876373
0.17065148055553436
0.16317309439182281
0.18592968583106995
0.213980570435524
0.20778903365135193
0.21216481924057007
0.169956237077713
0.1967449188232422
0.24619431793689728
0.21253414452075958
0.19081063568592072
0.19443248212337494
0.19431699812412262
0.20670439302921295
0.19951777160167694
0.23931512236595154
0.19576701521873474
0.18769733607769012
0.2137828916311264
0.2251773476600647
0.15901313722133636
0.17150017619132996
0.20780690014362335
0.22144094109535217
0.16053204238414764
0.16172288358211517
0.19762608408927917
0.22880414128303528
0.18085265159606934
0.1685015857219696
0.21427807211875916
0.22414752840995789
0.176026850938797
0.15461555123329163
0.19075174629688263
0.22331824898719788
0.1828935444355011
0.18561159074306488
0.21178515255451202
0.19839118421077728
0.15694297850131989
0.17961762845516205
0.1601637303829193
0.1936582624912262
0.1800888180732727
0.16232775151729584
0.2048160880804062
0.19141551852226257
0.20093685388565063
0.16729886829853058
0.1621720939874649
0.19054529070854187
0.14658863842487335
0.1542135626077652
0.17068129777908325
0.19922198355197906
0.15075354278087616
0.16376635432243347
0.14781709015369415
0.16961200535297394
0.14677956700325012
0.18951259553432465
0.1643238365650177
0.16892723739147186
0.1932404786348343
0.19960559904575348
0.18807277083396912
0.2070010006427765
0.18646365404129028
0.18236741423606873
0.2142631560564041
0.20684781670570374
0.17706480622291565
0.19940871000289917
0.1897486001253128
0.21373166143894196
0.23152872920036316
0.2101328819990158
0.20132791996002197
0.20338667929172516
0.19910816848278046
0.216487854719162
0.2324797362089157
0.20062288641929626
0.2342466115951538
0.24359098076820374
0.2225218415260315
0.2447212189435959
0.22934038937091827
0.23593854904174805
0.2634032368659973
0.22969116270542145
0.191841721534729
0.19741509854793549
0.22169888019561768
0.21017329394817352
0.2207016944885254
0.24307984113693237
0.24195453524589539
0.23372139036655426
0.2674538493156433
0.22766034305095673
0.22672626376152039
0.23315587639808655
0.23720228672027588
0.24476535618305206
0.2304634153842926
0.22482766211032867
0.22247517108917236
0.24426621198654175
0.23636505007743835
0.23955292999744415
0.23556335270404816
0.23526200652122498
0.26095935702323914
0.2465442717075348
0.25812843441963196
0.2428792268037796
0.23514258861541748
0.22282548248767853
0.28256043791770935
0.2540055811405182
0.2354826033115387
0.2589331269264221
0.23581063747406006
0.2747909426689148
0.24906690418720245
0.2482268363237381
0.2549493610858917
0.28325513005256653
0.28238850831985474
0.2640184164047241
0.24649669229984283
0.27029135823249817
0.2735763192176819
0.24181129038333893
0.23755475878715515
0.2764301598072052
0.2659945487976074
0.2819051444530487
0.2650619149208069
0.25209030508995056
0.2756804823875427
0.27297404408454895
0.2825029790401459
0.2811497151851654
0.2487243115901947
0.27316614985466003
0.2631913423538208
0.24431447684764862
0.26922351121902466
0.27297133207321167
0.2680525481700897
0.2806270718574524
0.2883155643939972
0.2846612334251404
0.26526880264282227
0.2858137786388397
0.2839207649230957
0.30795818567276
0.27638760209083557
0.2863347828388214
0.264573335647583
0.27384454011917114
0.2867814898490906
0.2644994556903839
0.2808781862258911
0.2588386833667755
0.32255351543426514
0.3082316815853119
0.29767724871635437
0.3031303882598877
0.2909339666366577
0.281446248292923
0.2818771302700043
0.28527504205703735
0.2596691846847534
0.2512865960597992
0.3068957030773163
0.3040032982826233
0.3081161379814148
0.3040955364704132
0.2771317660808563
0.29068341851234436
0.2768493890762329
0.2848750054836273
0.28874680399894714
0.32090768218040466
0.2990068793296814
0.28857335448265076
0.2897702157497406
0.30465182662010193
0.30848878622055054
0.3167133927345276
0.31647831201553345
0.302796870470047
0.29398635029792786
0.28837305307388306
0.27004411816596985
0.317471981048584
0.2927495241165161
0.31928086280822754
0.29815688729286194
0.2992907464504242
0.310846745967865
0.3072497546672821
0.2888360917568207
0.28865572810173035
0.2915154695510864
0.33396607637405396
0.29349052906036377
0.3048001229763031
0.30243852734565735
0.29397517442703247
0.28849098086357117
0.31171348690986633
0.29606080055236816
0.30803382396698
0.28692764043807983
0.29901230335235596
0.32595643401145935
0.3043593466281891
0.2701743245124817
0.30587297677993774
0.31523656845092773
0.3300915062427521
0.3103547692298889
0.29451483488082886
0.31189706921577454
0.3184012770652771
0.2814601957798004
0.31049907207489014
0.3184383511543274
0.2988126873970032
0.2791130244731903
0.2986806035041809
0.30355164408683777
0.30486467480659485
0.26336395740509033
0.3040946125984192
0.32788780331611633
0.2738839089870453
0.2959635555744171
0.29953083395957947
0.3247412145137787
0.314359188079834
0.28020918369293213
0.30674418807029724
0.2900165915489197
0.31611624360084534
0.283481240272522
0.30377477407455444
0.30811938643455505
0.3184915781021118
0.29932093620300293
0.30279916524887085
0.30969080328941345
0.2963781952857971
0.28266894817352295
0.3053484857082367
0.2828280031681061
0.3042681813240051
0.31625285744667053
0.29968005418777466
0.3113366663455963
0.27616825699806213
0.27059340476989746
0.28017041087150574
0.3261849880218506
0.2848624587059021
0.30817216634750366
0.27930575609207153
0.26360073685646057
0.31767693161964417
0.29545876383781433
0.30782946944236755
0.29962411522865295
0.29884448647499084
0.31334125995635986
0.29334303736686707
0.285861074924469
0.311391681432724
0.3065427839756012
0.3212909400463104
0.2794916033744812
0.29606664180755615
0.31600603461265564
0.3056235909461975
0.29494866728782654
0.294577956199646
0.3307841420173645
0.32048821449279785
0.2790185511112213
0.2910095155239105
0.28504976630210876
0.302214652299881
0.2582709491252899
0.2965865135192871
0.27714842557907104
0.2967393398284912
0.2749788165092468
0.30229634046554565
0.30379506945610046
0.31608837842941284
0.32398566603660583
0.2951826751232147
0.2871318459510803
0.3032825291156769
0.29767701029777527
0.2852604389190674
0.2864590883255005
0.31109967827796936
0.31165358424186707
0.31365033984184265
0.32144472002983093
0.28498438000679016
0.3065930902957916
0.29641273617744446
0.3110887110233307
0.2985529899597168
0.3013441860675812
0.2978910505771637
0.2934419512748718
0.3115195333957672
0.3021089434623718
0.27681124210357666
0.2999441623687744
0.3133275806903839
0.3315281569957733
0.29386866092681885
0.304636687040329
0.2948095500469208
0.3320826292037964
0.34108370542526245
0.30572882294654846
0.3250587284564972
0.32199108600616455
0.31153109669685364
0.2996993660926819
0.33010828495025635
0.3083775043487549
0.3047383725643158
0.3100988268852234
0.3408190608024597
0.3366236090660095
0.32938945293426514
0.32386329770088196
0.3260096609592438
0.3084827661514282
0.3394593894481659
0.31406357884407043
0.3088982403278351
0.3260901868343353
0.32426291704177856
0.31277045607566833
0.31812068819999695
0.32181990146636963
0.3254002034664154
0.3165380656719208
0.3110335171222687
0.30032262206077576
0.3127063810825348
0.3282673954963684
0.30662646889686584
0.3047529458999634
0.3179507851600647
0.314982533454895
0.31424644589424133
0.3289135694503784
0.3174494206905365
0.319519579410553
0.29849183559417725
0.32493892312049866
0.30286353826522827
0.3179810643196106
0.31349971890449524
0.32998648285865784
0.31009989976882935
0.31223827600479126
0.32330450415611267
0.32673633098602295
0.31185510754585266
0.3043709099292755
0.32005491852760315
0.3190278708934784
0.29671958088874817
0.3034517467021942
0.3154424726963043
0.31313422322273254
0.2979101240634918
0.3398110270500183
0.3011970818042755
0.3161337077617645
0.30088746547698975
0.3229592442512512
0.3356659412384033
0.34653759002685547
0.30964696407318115
0.31293627619743347
0.32230815291404724
0.33482104539871216
0.3148573637008667
0.2960623800754547
0.3117893636226654
0.3124905526638031
0.3307974338531494
0.3083113729953766
0.2829470634460449
0.3261898159980774
0.31047287583351135
0.32801052927970886
0.30545875430107117
0.2877548336982727
0.3184718191623688
0.3173699975013733
0.30369022488594055
0.3027988374233246
0.3144683539867401
0.3336000442504883
0.30168092250823975
0.31603699922561646
0.32421550154685974
0.32904911041259766
0.30286118388175964
0.3056984543800354
0.31977835297584534
0.3155083656311035
0.34075915813446045
0.32404494285583496
0.30079400539398193
0.31877321004867554
0.30881041288375854
0.31028521060943604
0.32812902331352234
0.2961916923522949
0.312228262424469
0.30208325386047363
0.28768667578697205
0.3318259119987488
0.30590710043907166
0.30577409267425537
0.3336854875087738
0.3339104652404785
0.31595492362976074
0.32375285029411316
0.3176768124103546
0.31248778104782104
0.3129146993160248
0.32538002729415894
0.3330414295196533
0.32305216789245605
0.31148290634155273
0.2993718981742859
0.32703283429145813
0.29479357600212097
0.3095035254955292
0.32026001811027527
0.32206952571868896
0.30756840109825134
0.30210956931114197
0.3201126754283905
0.3171437084674835
0.29614490270614624
0.3403964936733246
0.3131324350833893
0.2869059443473816
0.3026497960090637
0.3002709448337555
0.32484784722328186
0.2978765666484833
0.30026736855506897
0.32072126865386963
0.3143497109413147
0.3023354411125183
0.31698548793792725
0.29946014285087585
0.29580003023147583
0.2950150966644287
0.34227192401885986
0.3134351372718811
0.32215338945388794
0.30475467443466187
0.332739919424057
0.30790576338768005
0.339021235704422
0.3199644386768341
0.3113259971141815
0.2952440083026886
0.3366333246231079
0.3272596299648285
0.3328043222427368
0.32473939657211304
0.33188995718955994
0.3138613700866699
0.3253467381000519
0.32992836833000183
0.3339046835899353
0.31186407804489136
0.3246244490146637
0.35565510392189026
0.3179132640361786
0.3214760720729828
0.3207091689109802
0.3337239921092987
0.31912779808044434
0.3283400535583496
0.3507905900478363
0.32586753368377686
0.32255542278289795
0.3370395600795746
0.36390283703804016
0.3160398006439209
0.3114069402217865
0.3338613212108612
0.3296623229980469
0.33901458978652954
0.322628915309906
0.3407411277294159
0.3286730945110321
0.3157602846622467
0.30805864930152893
0.33240410685539246
0.35527303814888
0.3184290826320648
0.325447142124176
0.3209148943424225
0.3096114695072174
0.3142620921134949
0.32994014024734497
0.3144502639770508
0.3221127688884735
0.3110181987285614
0.30608490109443665
0.33992305397987366
0.34671199321746826
0.307297945022583
0.33546939492225647
0.3352029323577881
0.3372727334499359
0.32848963141441345
0.3068149983882904
0.324690580368042
0.3241543471813202
0.31621402502059937
0.32146942615509033
0.3239673376083374
0.3018855154514313
0.31463027000427246
0.2994011342525482
0.33041900396347046
0.3377363979816437
0.31715288758277893
0.3091020882129669
0.3143273890018463
0.316641628742218
0.3368178606033325
0.3231317400932312
0.31029197573661804
0.3147900700569153
0.32490456104278564
0.301666259765625
0.3219074308872223
0.3194241523742676
0.3190637528896332
0.30492669343948364
0.329365611076355
0.3047638237476349
0.3280821442604065
0.31040728092193604
0.32746171951293945
0.328793466091156
0.31121593713760376
0.3277670741081238
0.3196731209754944
0.29260554909706116
0.3034132719039917
0.3230038285255432
0.327438622713089
0.3295321762561798
0.33566904067993164
0.32196006178855896
0.3240430951118469
0.3211565911769867
0.33184027671813965
0.30243489146232605
0.3477877676486969
0.3140881061553955
0.3161624073982239
0.3138188421726227
0.3292674720287323
0.31410518288612366
0.3332352936267853
0.3228415548801422
0.3005433976650238
0.28843092918395996
0.32864195108413696
0.31731435656547546
0.3163488805294037
0.31870603561401367
0.33996522426605225
0.29756486415863037
0.3243172764778137
0.31370073556900024
0.31576302647590637
0.3254123628139496
0.29360753297805786
0.3245670795440674
0.3171234428882599
0.3160690665245056
0.31336864829063416
0.3103826642036438
0.3289903700351715
0.3072970509529114
0.3173264265060425
0.3235378563404083
0.31735461950302124
0.3172251284122467
0.3099296987056732
0.31260544061660767
0.3161952793598175
0.2917996644973755
0.301338791847229
0.32984834909439087
0.3001737892627716
0.32718151807785034
0.3216453492641449
0.315521776676178
0.29760149121284485
0.32226502895355225
0.35266757011413574
0.2938595712184906
0.2894200384616852
0.31926801800727844
0.3255368769168854
0.3325289487838745
0.30551186203956604
0.3007626533508301
0.3176495134830475
0.30777207016944885
0.31999680399894714
0.3244131803512573
0.3238820731639862
0.3081605136394501
0.29770952463150024
0.31024375557899475
0.31520000100135803
0.32011061906814575
0.30817562341690063
0.29987239837646484
0.30254673957824707
0.30639082193374634
0.3196656107902527
0.31584474444389343
0.35752591490745544
0.30796143412590027
0.3500186502933502
0.3190418779850006
0.30955174565315247
0.31917324662208557
0.32034552097320557
0.3177917003631592
0.32293930649757385
0.31969019770622253
0.3321343660354614
0.323892205953598
0.30220359563827515
0.3183494806289673
0.31747856736183167
0.34772753715515137
0.29794514179229736
0.29571962356567383
0.3109782040119171
0.28871363401412964
0.34149906039237976
0.3041704595088959
0.3016134202480316
0.3057604730129242
0.3234918713569641
0.28719526529312134
0.3259311616420746
0.30824756622314453
0.336077481508255
0.31759822368621826
0.337105393409729
0.2980184555053711
0.3201310336589813
0.31482362747192383
0.3203408718109131
0.3066650629043579
0.3532301187515259
0.32778820395469666
0.298223614692688
0.2943519651889801
0.3125944137573242
0.3044101595878601
0.32349783182144165
0.32433435320854187
0.31147125363349915
0.3030821979045868
0.30709633231163025
0.30092164874076843
0.3117249011993408
0.3180299997329712
0.2948252558708191
0.3439546227455139
0.31821325421333313
0.3337723910808563
0.30968010425567627
0.3316207230091095
0.32547134160995483
0.2997286021709442
0.30215758085250854
0.3364632725715637
0.3223380744457245
0.32639163732528687
0.31407323479652405
0.32266736030578613
0.3201290965080261
0.34618258476257324
0.3387492597103119
0.3467535972595215
0.29291924834251404
0.3467353582382202
0.33438757061958313
0.32764843106269836
0.34174761176109314
0.3114129304885864
0.35937532782554626
0.33243563771247864
0.32537218928337097
0.342440664768219
0.33843567967414856
0.31194353103637695
0.33175233006477356
0.3286420404911041
0.34132248163223267
0.31389641761779785
0.31090596318244934
0.329483300447464
0.3169635236263275
0.33290982246398926
0.33769500255584717
0.3269650340080261
0.3038836717605591
0.34786051511764526
0.3339062035083771
0.3363799750804901
0.32282349467277527
0.31234484910964966
0.3347381055355072
0.3031585216522217
0.3223472833633423
0.32372546195983887
0.3240484893321991
0.33369916677474976
0.33495283126831055
0.3458983600139618
0.3386074900627136
0.3296748697757721
0.35136735439300537
0.34724146127700806
0.3153087794780731
0.3433852791786194
0.330471009016037
0.3155929744243622
0.3108897805213928
0.32653680443763733
0.3339809477329254
0.32977086305618286
0.3276084363460541
0.34092986583709717
0.3322915732860565
0.3380334973335266
0.3526599705219269
0.31277117133140564
0.33067187666893005
0.3589524030685425
0.3313785791397095
0.3499287962913513
0.3334138095378876
0.3399553894996643
0.3424060344696045
0.35609275102615356
0.30700087547302246
0.31029433012008667
0.32937711477279663
0.3365371823310852
0.3130474388599396
0.3357394337654114
0.3529522716999054
0.3207983374595642
0.3181486427783966
0.29960718750953674
0.3227945864200592
0.32597264647483826
0.3243270814418793
0.31117504835128784
0.34196946024894714
0.3232284486293793
0.347887247800827
0.3273452818393707
0.32794439792633057
0.3669368326663971
0.34130123257637024
0.3266717493534088
0.34358417987823486
0.34575212001800537
0.34325605630874634
0.33582964539527893
0.30453240871429443
0.3321581482887268
0.3587341606616974
0.33574560284614563
0.33892881870269775
0.33016878366470337
0.365424245595932
0.3410550057888031
0.31033286452293396
0.3429969847202301
0.3181009888648987
0.3458269238471985
0.3366875648498535
0.35466960072517395
0.36230722069740295
0.32806363701820374
0.33087119460105896
0.36068782210350037
0.36102917790412903
0.3422468900680542
0.33641740679740906
0.3280966579914093
0.34171387553215027
0.34413713216781616
0.3371950387954712
0.36549291014671326
0.34657973051071167
0.33411163091659546
0.3360409736633301
0.32769665122032166
0.3415568172931671
0.3195340633392334
0.354471355676651
0.33890289068222046
0.3226177990436554
0.349861741065979
0.3426077961921692
0.33783501386642456
0.3326292037963867
0.3339287340641022
0.31848040223121643
0.36393991112709045
0.3237159848213196
0.3342924416065216
0.34327518939971924
0.34929677844047546
0.32487964630126953
0.3341040313243866
0.3204180598258972
0.3256726861000061
0.34371963143348694
0.32156363129615784
0.34015554189682007
0.3232758343219757
0.35343092679977417
0.33715716004371643
0.3402639627456665
0.34163573384284973
0.3395017683506012
0.3458439111709595
0.35259097814559937
0.33885741233825684
0.3468984365463257
0.3333830237388611
0.3479616045951843
0.31978824734687805
0.3316275477409363
0.34132593870162964
0.3470626771450043
0.3262203633785248
0.36204203963279724
0.3645002543926239
0.36262354254722595
0.336447536945343
0.32070547342300415
0.33985233306884766
0.34964048862457275
0.32765722274780273
0.3471158742904663
0.34479308128356934
0.35875022411346436
0.3373566269874573
0.3475402593612671
0.3464401960372925
0.3609779179096222
0.35704341530799866
0.35319608449935913
0.34277933835983276
0.3274350166320801
0.36079058051109314
0.3355367183685303
0.34038296341896057
0.3432498872280121
0.34021174907684326
0.3382655680179596
0.36182910203933716
0.36141693592071533
0.3087896704673767
0.32129785418510437
0.34761789441108704
0.36963045597076416
0.3328625559806824
0.3614959716796875
0.35180941224098206
0.3684607148170471
0.3607657849788666
0.33398157358169556
0.3187412619590759
0.3516857922077179
0.35154032707214355
0.33924466371536255
0.35944440960884094
0.3645816147327423
0.35072147846221924
0.34134170413017273
0.3534812331199646
0.36821767687797546
0.3519611060619354
0.33405593037605286
0.3644619286060333
0.35595622658729553
0.36117807030677795
0.3430838882923126
0.330798864364624
0.35681161284446716
0.3424679636955261
0.3478330671787262
0.3486691415309906
0.3638385236263275
0.3515106737613678
0.3688953220844269
0.33806750178337097
0.345162034034729
0.3515140414237976
0.3546728193759918
0.3520301580429077
0.3214356005191803
0.3534335196018219
0.33924221992492676
0.3274237811565399
0.33464884757995605
0.3593032658100128
0.34215202927589417
0.3344672620296478
0.3477461040019989
0.3479788601398468
0.33572208881378174
0.33661985397338867
0.33168545365333557
0.33345043659210205
0.36355313658714294
0.3612244725227356
0.343265563249588
0.3511585295200348
0.36132535338401794
0.35117825865745544
0.36303362250328064
0.3534242510795593
0.3554045557975769
0.3321695625782013
0.3481256663799286
0.34597137570381165
0.35143983364105225
0.3193405568599701
0.32738247513771057
0.34694719314575195
0.3413822650909424
0.35181546211242676
0.3534066379070282
0.34919172525405884
0.34832778573036194
0.3578290641307831
0.3429505527019501
0.3415505290031433
0.3307294547557831
0.3463408350944519
0.3526226282119751
0.32611283659935
0.3531654179096222
0.33847400546073914
0.3691912889480591
0.3662158250808716
0.3451120853424072
0.3444764316082001
0.33990728855133057
0.34295380115509033
0.3414820432662964
0.32442113757133484
0.3642047345638275
0.3442741930484772
0.36283332109451294
0.32806384563446045
0.329324871301651
0.3429208993911743
0.3421308994293213
0.3491661846637726
0.33982011675834656
0.35328808426856995
0.3431885242462158
0.3147936165332794
0.3522767424583435
0.34313276410102844
0.3571445047855377
0.3661514222621918
0.32773661613464355
0.3496345281600952
0.3458048403263092
0.336289644241333
0.3609820306301117
0.3508875370025635
0.36454084515571594
0.35606473684310913
0.33446815609931946
0.34468159079551697
0.34159934520721436
0.33072754740715027
0.3636050820350647
0.3570235073566437
0.3588351905345917
0.35193297266960144
0.36169376969337463
0.3539547026157379
0.33723339438438416
0.3320919871330261
0.34537452459335327
0.3559417426586151
0.3413548469543457
0.33793583512306213
0.3438076376914978
0.35643303394317627
0.35937419533729553
0.36513087153434753
0.33529025316238403
0.34368017315864563
0.3377213478088379
0.35143211483955383
0.33760595321655273
0.347368985414505
0.3413749933242798
0.3578568994998932
0.3600224554538727
0.35485514998435974
0.3431212902069092
0.3546200096607208
0.3560214042663574
0.3473345935344696
0.36030954122543335
0.35375478863716125
0.3670993447303772
0.3383633494377136
0.3429540693759918
0.34057843685150146
0.36232903599739075
0.3615308403968811
0.3417208790779114
0.3631801903247833
0.3515014946460724
0.35869595408439636
0.34003084897994995
0.35254961252212524
0.36272934079170227
0.3552514910697937
0.3379131257534027
0.3395550549030304
0.33548885583877563
0.33913347125053406
0.3268866240978241
0.33874255418777466
0.3354546129703522
0.337517648935318
0.37302201986312866
0.3696303069591522
0.357442706823349
0.3733886182308197
0.35660219192504883
0.34241485595703125
0.32099536061286926
0.37134653329849243
0.3491109311580658
0.3433320224285126
0.363014817237854
0.3604620397090912
0.3310568928718567
0.35400375723838806
0.33226343989372253
0.33954566717147827
0.33990710973739624
0.35400503873825073
0.3450740575790405
0.3433173894882202
0.3328166902065277
0.35266339778900146
0.34665223956108093
0.35154688358306885
0.3294401168823242
0.3464754521846771
0.35530126094818115
0.3675024211406708
0.3755221664905548
0.3431069850921631
0.35357198119163513
0.3521498441696167
0.3564411699771881
0.3642696440219879
0.3504183888435364
0.3588862419128418
0.3749002516269684
0.3674520254135132
0.340522438287735
0.34184515476226807
0.33938053250312805
0.34816569089889526
0.3417796194553375
0.34851062297821045
0.36369067430496216
0.3483242094516754
0.3549420237541199
0.3509652018547058
0.3556768298149109
0.3546449542045593
0.3524612486362457
0.36607998609542847
0.3430940508842468
0.3448806703090668
0.3636665642261505
0.343936949968338
0.3487670421600342
0.356052041053772
0.37724050879478455
0.3484034538269043
0.3628297448158264
0.34806036949157715
0.3364618420600891
0.3348795175552368
0.36243465542793274
0.3669939637184143
0.3462015688419342
0.3528900146484375
0.35144102573394775
0.3537004590034485
0.33547988533973694
0.354794442653656
0.3537242114543915
0.35166600346565247
0.3655889332294464
0.3453238010406494
0.36504486203193665
0.3499372601509094
0.3560061752796173
0.3618265986442566
0.3754246234893799
0.36873605847358704
0.35577288269996643
0.3499537408351898
0.3495851457118988
0.3600200414657593
0.3710627853870392
0.3470202088356018
0.3620692491531372
0.36172670125961304
0.35377147793769836
0.3561233580112457
0.37518638372421265
0.3760564923286438
0.3715377151966095
0.3399311304092407
0.3558415174484253
0.38170865178108215
0.3595812916755676
0.34918347001075745
0.3669426739215851
0.3627280592918396
0.3365732729434967
0.3519607186317444
0.3456536531448364
0.33565258979797363
0.34914934635162354
0.3348994553089142
0.35205787420272827
0.36006349325180054
0.3449411392211914
0.3304818272590637
0.35669323801994324
0.3391738831996918
0.3500513434410095
0.3312929570674896
0.3621988296508789
0.3636002838611603
0.37105032801628113
0.3523433804512024
0.3611968457698822
0.36073121428489685
0.3543078303337097
0.3446158766746521
0.36239656805992126
0.3279523253440857
0.34879928827285767
0.3622078001499176
0.33695104718208313
0.3540875017642975
0.36074042320251465
0.35193321108818054
0.3537157475948334
0.3726266622543335
0.36755481362342834
0.3559650182723999
0.33554381132125854
0.3509991765022278
0.3759854733943939
0.3690588176250458
0.3513689637184143
0.36348050832748413
0.36427807807922363
0.355873167514801
0.3775586485862732
0.3408167064189911
0.3608981966972351
0.37822139263153076
0.3574241101741791
0.35019731521606445
0.36919525265693665
0.37665945291519165
0.35301774740219116
0.3652724623680115
0.3469623029232025
0.35726267099380493
0.36491021513938904
0.3675173819065094
0.3784717917442322
0.3742414712905884
0.35551661252975464
0.3549911379814148
0.3725361227989197
0.3714704215526581
0.3515220284461975
0.35168537497520447
0.37055715918540955
0.37225842475891113
0.35599932074546814
0.3722136318683624
0.36265403032302856
0.37233293056488037
0.35324621200561523
0.3698829114437103
0.36106953024864197
0.3546493649482727
0.3460647761821747
0.37607043981552124
0.3502073585987091
0.3531113564968109
0.365700364112854
0.36156192421913147
0.3388797342777252
0.35408490896224976
0.37962597608566284
0.3704088628292084
0.3652908205986023
0.35940930247306824
0.3534108102321625
0.3694244623184204
0.36196085810661316
0.35825276374816895
0.3471546471118927
0.3569873869419098
0.36712178587913513
0.36014342308044434
0.348964661359787
0.35480576753616333
0.36666738986968994
0.3498430848121643
0.352394163608551
0.3630128502845764
0.37507790327072144
0.3501964211463928
0.3659299910068512
0.35034555196762085
0.37154510617256165
0.38204795122146606
0.3773239850997925
0.3550204336643219
0.36053723096847534
0.3661256432533264
0.3828681409358978
0.36503684520721436
0.3749332129955292
0.3442259430885315
0.3491172194480896
0.3689647614955902
0.3777928054332733
0.3550199866294861
0.3736841380596161
0.3780438303947449
0.356154203414917
0.36771437525749207
0.3793952167034149
0.3645424544811249
0.3836197257041931
0.36433541774749756
0.3876771032810211
0.39331477880477905
0.3482494652271271
0.36321431398391724
0.38438156247138977
0.3687255084514618
0.3814091682434082
0.36824801564216614
0.3954946994781494
0.3844105899333954
0.4084184765815735
0.37604543566703796
0.37773752212524414
0.39153045415878296
0.3707115948200226
0.3611839711666107
0.3852996826171875
0.3854526877403259
0.38361695408821106
0.37375110387802124
0.38282740116119385
0.39846813678741455
0.3814643323421478
0.3717532455921173
0.40095704793930054
0.40735098719596863
0.36855700612068176
0.38351166248321533
0.3930157423019409
0.4039141833782196
0.3985852003097534
0.3893358111381531
0.3844314515590668
0.3977007567882538
0.40265294909477234
0.368885338306427
0.375618577003479
0.3844134509563446
0.3892596364021301
0.3631720244884491
0.38955000042915344
0.39026737213134766
0.38206052780151367
0.3696523606777191
0.3924098014831543
0.3952179551124573
0.38600853085517883
0.3665831983089447
0.39788031578063965
0.38607317209243774
0.39012402296066284
0.3813961148262024
0.40044742822647095
0.37728583812713623
0.3677763044834137
0.371138334274292
0.38029277324676514
0.37707316875457764
0.37639960646629333
0.39994797110557556
0.39655745029449463
0.37713348865509033
0.38010337948799133
0.3892902135848999
0.38436421751976013
0.38142749667167664
0.3760378360748291
0.3736605644226074
0.37578797340393066
0.3956200182437897
0.37977200746536255
0.3767290711402893
0.36559394001960754
0.3743670582771301
0.3669954836368561
0.3755475878715515
0.3744223117828369
0.3675709366798401
0.3819597363471985
0.3632117509841919
0.3687293827533722
0.3801199197769165
0.3703450560569763
0.36906641721725464
0.38940536975860596
0.39696335792541504
0.37588414549827576
0.3790935277938843
0.36756259202957153
0.3795216679573059
0.37071067094802856
0.3867858946323395
0.36177340149879456
0.38722631335258484
0.3717716932296753
0.38212841749191284
0.3765221834182739
0.3802380859851837
0.36953482031822205
0.39295104146003723
0.3662295639514923
0.38494032621383667
0.37321001291275024
0.3629476726055145
0.37231922149658203
0.39648133516311646
0.37038737535476685
0.3751261830329895
0.37709861993789673
0.38230225443840027
0.3874532878398895
0.38741958141326904
0.37228521704673767
0.3794943690299988
0.3695157468318939
0.3770163059234619
0.36140692234039307
0.36203888058662415
0.3777236342430115
0.35969269275665283
0.36063143610954285
0.3649439215660095
0.37315118312835693
0.36232060194015503
0.3727080225944519
0.3743019998073578
0.3754000663757324
0.36979565024375916
0.36941099166870117
0.35971564054489136
0.3523019850254059
0.37994620203971863
0.35491758584976196
0.3783208727836609
0.3684413433074951
0.3660949468612671
0.36433669924736023
0.3657171428203583
0.381404846906662
0.36802706122398376
0.3776589632034302
0.3758081793785095
0.35578975081443787
0.35931694507598877
0.37037110328674316
0.3780418038368225
0.3616288900375366
0.3741689920425415
0.3647201955318451
0.3686465322971344
0.3666839301586151
0.3840196132659912
0.38408735394477844
0.3678765892982483
0.3613954484462738
0.3593566417694092
0.3797273635864258
0.3780421316623688
0.3616923689842224
0.37189966440200806
0.37365514039993286
0.3740444779396057
0.36198681592941284
0.3837375342845917
0.3872166872024536
0.3645217716693878
0.3619963526725769
0.3557742238044739
0.36580225825309753
0.36104100942611694
0.3689285218715668
0.35666993260383606
0.3691140115261078
0.36885443329811096
0.376043438911438
0.3756367862224579
0.38089627027511597
0.3651657998561859
0.3725527226924896
0.3605913519859314
0.37278228998184204
0.3630114197731018
0.3465556502342224
0.3467402160167694
0.36412009596824646
0.36955487728118896
0.3526270389556885
0.354865163564682
0.3688833713531494
0.3760530650615692
0.3753882944583893
0.37406373023986816
0.37851279973983765
0.3628566861152649
0.3666648864746094
0.37843048572540283
0.3612469732761383
0.353524774312973
0.3789832592010498
0.34967878460884094
0.35109037160873413
0.35751309990882874
0.35498982667922974
0.35309621691703796
0.3514920771121979
0.3628702461719513
0.36864936351776123
0.34760546684265137
0.354363352060318
0.37652522325515747
0.37764596939086914
0.35496580600738525
0.3558240830898285
0.35131335258483887
0.3677484393119812
0.375442773103714
0.3680430054664612
0.36881202459335327
0.35066813230514526
0.35208141803741455
0.35161420702934265
0.3489636778831482
0.38822218775749207
0.35792598128318787
0.3501223027706146
0.3421901762485504
0.3418150544166565
0.3509216904640198
0.356169730424881
0.35085219144821167
0.36684486269950867
0.32800304889678955
0.3325047492980957
0.35059654712677
0.3650537431240082
0.3514840602874756
0.34195488691329956
0.35516101121902466
0.35865089297294617
0.34324389696121216
0.3288815915584564
0.3484056293964386
0.3526519238948822
0.35252806544303894
0.3418032228946686
0.35246920585632324
0.3571946322917938
0.35037335753440857
0.35298317670822144
0.3687531054019928
0.3634033501148224
0.36647212505340576
0.33802473545074463
0.36791425943374634
0.3577507734298706
0.36477068066596985
0.37212806940078735
0.3506287932395935
0.3627597987651825
0.3447585105895996
0.344743549823761
0.3272315561771393
0.3624826669692993
0.34976547956466675
0.3628477454185486
0.36315277218818665
0.3444971442222595
0.3615295886993408
0.35405880212783813
0.37191492319107056
0.3699890971183777
0.36319538950920105
0.35318732261657715
0.3427528142929077
0.3626609146595001
0.34730225801467896
0.38237306475639343
0.34237024188041687
0.35647228360176086
0.36563313007354736
0.3727867603302002
0.35243093967437744
0.3436187505722046
0.3430377244949341
0.38951438665390015
0.3392563462257385
0.3593830168247223
0.3637218177318573
0.362666517496109
0.3465510904788971
0.3557290732860565
0.3708716928958893
0.35617774724960327
0.37284529209136963
0.3505583107471466
0.3658663332462311
0.3712175786495209
0.376712828874588
0.36096450686454773
0.35519641637802124
0.3664298355579376
0.37123072147369385
0.38393735885620117
0.38188478350639343
0.34247079491615295
0.38069963455200195
0.36570367217063904
0.3655555546283722
0.3669566810131073
0.3811764121055603
0.38679057359695435
0.3744488060474396
0.3560982346534729
0.3422856330871582
0.34979772567749023
0.3710560202598572
0.37024426460266113
0.3727656602859497
0.36265328526496887
0.38166216015815735
0.35475146770477295
0.36280980706214905
0.3399423360824585
0.3749816417694092
0.3370599150657654
0.3738517463207245
0.3690308630466461
0.3421036899089813
0.3861183524131775
0.37154924869537354
0.3611120581626892
0.37167444825172424
0.37103965878486633
0.36660337448120117
0.37288928031921387
0.3665856420993805
0.3847147822380066
0.36865413188934326
0.3593045473098755
0.3702714145183563
0.39473044872283936
0.33519282937049866
0.3630536198616028
0.3495619595050812
0.37767651677131653
0.3475715219974518
0.38678064942359924
0.3501034080982208
0.3686533570289612
0.3410491943359375
0.362721711397171
0.3757544457912445
0.35357674956321716
0.3635179102420807
0.36505335569381714
0.38792121410369873
0.3604830503463745
0.35979077219963074
0.3714132308959961
0.3693411946296692
0.3689112663269043
0.3741328716278076
0.3859870731830597
0.36267223954200745
0.361496239900589
0.3694852888584137
0.38654863834381104
0.3682927191257477
0.3615221083164215
0.3622784912586212
0.36648252606391907
0.3691040277481079
0.3642650544643402
0.37552711367607117
0.3735279142856598
0.3723231852054596
0.38681355118751526
0.4014195501804352
0.36994123458862305
0.3734498918056488
0.3707897663116455
0.38231489062309265
0.38263770937919617
0.373271107673645
0.3835292160511017
0.38104724884033203
0.37719228863716125
0.39215442538261414
0.3578792214393616
0.3774995803833008
0.3556324243545532
0.38866400718688965
0.4103137254714966
0.3729436993598938
0.38596442341804504
0.3891400694847107
0.39549511671066284
0.3744714856147766
0.3861043453216553
0.3856903314590454
0.3701450228691101
0.36960405111312866
0.37658995389938354
0.37788861989974976
0.3648587465286255
0.3960953950881958
0.39974042773246765
0.36742305755615234
0.3960452675819397
0.37531355023384094
0.3823772370815277
0.3702446222305298
0.40186837315559387
0.3699803054332733
0.3685855567455292
0.37773311138153076
0.3894294798374176
0.38852420449256897
0.3751838803291321
0.3760784864425659
0.36954525113105774
0.3947482407093048
0.38730138540267944
0.37549299001693726
0.37188008427619934
0.36194413900375366
0.3830510973930359
0.35934168100357056
0.36906757950782776
0.3555152118206024
0.380160391330719
0.3636309802532196
0.3736973702907562
0.3765352964401245
0.36580437421798706
0.3581937551498413
0.36153340339660645
0.3793847858905792
0.36639857292175293
0.35614049434661865
0.3618438243865967
0.37444794178009033
0.3772592842578888
0.3568040430545807
0.35677191615104675
0.3651807904243469
0.3623376190662384
0.3657618761062622
0.34569454193115234
0.3689899742603302
0.3785175085067749
0.3781031370162964
0.35986554622650146
0.3692736327648163
0.37471577525138855
0.36245056986808777
0.3729439973831177
0.36621591448783875
0.3827041685581207
0.3742257058620453
0.35575070977211
0.3943082392215729
0.37771862745285034
0.3656112253665924
0.3689734935760498
0.37164080142974854
0.36884021759033203
0.35781967639923096
0.3714919686317444
0.3943782448768616
0.38115695118904114
0.3700955808162689
0.3632608950138092
0.3707501292228699
0.37668055295944214
0.37866729497909546
0.38514402508735657
0.3629654049873352
0.37513870000839233
0.3806527256965637
0.36345386505126953
0.3564927279949188
0.3862721025943756
0.383564829826355
0.3708495795726776
0.3699624836444855
0.384750097990036
0.3850657343864441
0.363457053899765
0.3881681561470032
0.375884085893631
0.3731553852558136
0.36421605944633484
0.3821897804737091
0.3806653320789337
0.37724077701568604
0.36856305599212646
0.3805199861526489
0.36762043833732605
0.36697185039520264
0.4030241370201111
0.3678103983402252
0.3693821430206299
0.3661697804927826
0.3840740919113159
0.38927701115608215
0.39757367968559265
0.36558017134666443
0.36139196157455444
0.3807311952114105
0.3831419050693512
0.3904978632926941
0.3696845769882202
0.37865594029426575
0.36903393268585205
0.3838021159172058
0.39134564995765686
0.38919854164123535
0.3833611309528351
0.3913204073905945
0.38818755745887756
0.3704877197742462
0.36352214217185974
0.37696245312690735
0.3971315920352936
0.3757336437702179
0.3655322194099426
0.3747924268245697
0.3700241148471832
0.372255802154541
0.39635053277015686
0.3906897008419037
0.37141016125679016
0.38566988706588745
0.3929935395717621
0.3720477819442749
0.36931443214416504
0.37395763397216797
0.3821927607059479
0.3881351351737976
0.39497044682502747
0.3885856866836548
0.3730716407299042
0.3726450204849243
0.3773760497570038
0.3930819034576416
0.37513744831085205
0.38972458243370056
0.38889622688293457
0.38000139594078064
0.34390348196029663
0.369176983833313
0.3847728669643402
0.38283222913742065
0.36069634556770325
0.375716894865036
0.3930705189704895
0.3833196461200714
0.38079237937927246
0.37296226620674133
0.3745373487472534
0.37526363134384155
0.37717941403388977
0.37721654772758484
0.37314215302467346
0.3840761184692383
0.39087775349617004
0.38497406244277954
0.3782731890678406
0.36231517791748047
0.3934369683265686
0.38599225878715515
0.3775816559791565
0.36915114521980286
0.3859379291534424
0.3869709372520447
0.38409748673439026
0.3889510929584503
0.36121097207069397
0.37572231888771057
0.37363117933273315
0.36828628182411194
0.37578514218330383
0.3800319731235504
0.3505217432975769
0.37525057792663574
0.3762562870979309
0.3818786144256592
0.3709515929222107
0.36195844411849976
0.3756568729877472
0.3841595947742462
0.366943359375
0.37570080161094666
0.3622736632823944
0.35802313685417175
0.37018564343452454
0.37420251965522766
0.39029812812805176
0.3584519922733307
0.39033645391464233
0.3844638466835022
0.3884070813655853
0.3655751645565033
0.3946027159690857
0.3806949257850647
0.3900122046470642
0.3805720806121826
0.392025887966156
0.4042876064777374
0.37257120013237
0.3536740839481354
0.41362425684928894
0.37794530391693115
0.3962743580341339
0.4018837809562683
0.38110312819480896
0.3705160915851593
0.38440534472465515
0.3706713020801544
0.37947317957878113
0.37631499767303467
0.3766094744205475
0.39765456318855286
0.3856945335865021
0.38124939799308777
0.38502806425094604
0.4042532742023468
0.36533015966415405
0.36235564947128296
0.37390002608299255
0.38929373025894165
0.3716960549354553
0.3669423758983612
0.3886328935623169
0.3776036202907562
0.3658955693244934
0.3919093608856201
0.38311320543289185
0.39058196544647217
0.37314751744270325
0.3705270290374756
0.39096200466156006
0.3926490843296051
0.39939361810684204
0.391450971364975
0.3970103859901428
0.38178229331970215
0.3914209008216858
0.3786415755748749
0.3914787471294403
0.37654608488082886
0.3773553967475891
0.3908558487892151
0.39318057894706726
0.3905934989452362
0.3804546296596527
0.3585885763168335
0.3829374313354492
0.367754191160202
0.35853907465934753
0.3696630895137787
0.3908214867115021
0.3977730870246887
0.3771342635154724
0.37600043416023254
0.38017183542251587
0.3857334554195404
0.38153019547462463
0.3839377462863922
0.39360180497169495
0.3867429196834564
0.3748743534088135
0.37835147976875305
0.38975274562835693
0.37981894612312317
0.37818726897239685
0.3766707181930542
0.3784414231777191
0.36004143953323364
0.38013526797294617
0.36562514305114746
0.39156031608581543
0.383772075176239
0.36633187532424927
0.3784588575363159
0.3723668158054352
0.38739487528800964
0.37046512961387634
0.36662614345550537
0.39313438534736633
0.3785260021686554
0.3780529201030731
0.3752574324607849
0.3799503445625305
0.3787343204021454
0.3652859032154083
0.38944903016090393
0.3928884267807007
0.40986791253089905
0.37372153997421265
0.3639206290245056
0.3840646743774414
0.381600946187973
0.3756909966468811
0.3637721836566925
0.3816159665584564
0.3772597014904022
0.3801330626010895
0.3851488530635834
0.40090465545654297
0.3896517753601074
0.37394341826438904
0.368811696767807
0.3867639899253845
0.3787563145160675
0.3747008144855499
0.34665313363075256
0.38974612951278687
0.3775300085544586
0.3741573989391327
0.3767566978931427
0.3704591393470764
0.38453662395477295
0.3769381642341614
0.3672690689563751
0.37496787309646606
0.3670904040336609
0.38519543409347534
0.3522280752658844
0.3767138123512268
0.3727680444717407
0.38418084383010864
0.3592241704463959
0.37739449739456177
0.39132389426231384
0.3579958379268646
0.3850528299808502
0.3677675724029541
0.3579077422618866
0.37350860238075256
0.35486945509910583
0.37950095534324646
0.36195555329322815
0.3748902976512909
0.4009082615375519
0.3799891471862793
0.37273794412612915
0.3664163649082184
0.37293732166290283
0.35648345947265625
0.37885504961013794
0.35881781578063965
0.34782618284225464
0.3838263154029846
0.37891167402267456
0.3690764904022217
0.3693334460258484
0.38292115926742554
0.3851012587547302
0.3509506285190582
0.38717514276504517
0.3845202326774597
0.37600651383399963
0.36243271827697754
0.37471315264701843
0.3612765967845917
0.36665794253349304
0.37945815920829773
0.3777581751346588
0.38727226853370667
0.3793444335460663
0.36194902658462524
0.38342761993408203
0.372682124376297
0.3657183349132538
0.3556070029735565
0.37149545550346375
0.3528483808040619
0.38793352246284485
0.35922476649284363
0.3724018633365631
0.38998907804489136
0.36889055371284485
0.35514795780181885
0.3777598440647125
0.39277055859565735
0.39424315094947815
0.3674744963645935
0.36072614789009094
0.3768859803676605
0.39732614159584045
0.3657270669937134
0.3777190148830414
0.3933742344379425
0.3787528872489929
0.4030759930610657
0.36853474378585815
0.39295879006385803
0.39189642667770386
0.3950730860233307
0.3922322392463684
0.3861512243747711
0.40711474418640137
0.38510188460350037
0.40017274022102356
0.3894113600254059
0.40197765827178955
0.3718198835849762
0.36335813999176025
0.3865581750869751
0.38710272312164307
0.37248316407203674
0.35126227140426636
0.3780134320259094
0.37516582012176514
0.3696005046367645
0.377966046333313
0.3993523418903351
0.37150681018829346
0.366643488407135
0.35689228773117065
0.3718726336956024
0.381791353225708
0.37257760763168335
0.3771315813064575
0.3960128426551819
0.38577303290367126
0.3828561007976532
0.37210187315940857
0.3981532156467438
0.38020530343055725
0.370598703622818
0.3981078565120697
0.37010711431503296
0.3764776885509491
0.3809968829154968
0.3738623559474945
0.3894936442375183
0.3847314119338989
0.399990975856781
0.3818351924419403
0.3878593146800995
0.37156757712364197
0.3697156012058258
0.3811429440975189
0.3735653758049011
0.39496898651123047
0.4127083718776703
0.37458693981170654
0.37692973017692566
0.38788604736328125
0.39242762327194214
0.3891540467739105
0.38745933771133423
0.3781493902206421
0.4053595960140228
0.38370075821876526
0.3915477991104126
0.38486212491989136
0.37554070353507996
0.3870182931423187
0.399172842502594
0.40401002764701843
0.3678341507911682
0.393414705991745
0.371218740940094
0.39907342195510864
0.3575279414653778
0.3898206055164337
0.3885320723056793
0.385040283203125
0.3707807660102844
0.38707563281059265
0.39016181230545044
0.382951945066452
0.39032018184661865
0.3870503008365631
0.3807968497276306
0.38010016083717346
0.3754178583621979
0.3969232439994812
0.37668219208717346
0.39003774523735046
0.38498982787132263
0.3785620629787445
0.37226128578186035
0.3850416839122772
0.39053553342819214
0.37209296226501465
0.3856574594974518
0.3750472962856293
0.3690805733203888
0.3916000425815582
0.3968926966190338
0.39802834391593933
0.3798515796661377
0.36466264724731445
0.38210856914520264
0.37748727202415466
0.3866245150566101
0.3747778832912445
0.3742998540401459
0.3762272000312805
0.39104005694389343
0.38565316796302795
0.3827270567417145
0.3969471752643585
0.38939279317855835
0.3714997470378876
0.375655859708786
0.3770584762096405
0.3652399480342865
0.3898727595806122
0.38272202014923096
0.38816285133361816
0.37248626351356506
0.37999626994132996
0.3848838806152344
0.3605487048625946
0.38048192858695984
0.377824991941452
0.37538808584213257
0.36669716238975525
0.39304184913635254
0.36986520886421204
0.38497811555862427
0.37604838609695435
0.36582279205322266
0.3709547221660614
0.38894250988960266
0.381581574678421
0.3679347634315491
0.3889913856983185
0.38332030177116394
0.39795035123825073
0.38127225637435913
0.37863394618034363
0.39680370688438416
0.3585608899593353
0.3585990369319916
0.37874436378479004
0.36983489990234375
0.38942334055900574
0.3592785894870758
0.37136101722717285
0.3791073262691498
0.3943656086921692
0.370507150888443
0.36450737714767456
0.3790053129196167
0.3816092312335968
0.39031949639320374
0.3779304623603821
0.38731130957603455
0.37441083788871765
0.38207221031188965
0.3694237172603607
0.37999725341796875
0.3690318465232849
0.3553433120250702
0.3672167956829071
0.36787471175193787
0.36686018109321594
0.3700051009654999
0.38054776191711426
0.3466818928718567
0.4039938151836395
0.3799375593662262
0.3679960072040558
0.3686937093734741
0.3473963141441345
0.39047300815582275
0.347911536693573
0.36707526445388794
0.37118101119995117
0.3623186945915222
0.35141894221305847
0.37871596217155457
0.36215510964393616
0.3435734212398529
0.3554806113243103
0.36830663681030273
0.37001246213912964
0.365715891122818
0.3729870617389679
0.36335471272468567
0.37642568349838257
0.35276854038238525
0.3916180729866028
0.3701528012752533
0.38750699162483215
0.3841487467288971
0.3701006770133972
0.3642977178096771
0.36833125352859497
0.38213488459587097
0.3711681067943573
0.37644991278648376
0.39099040627479553
0.37964555621147156
0.3766048848628998
0.3764941692352295
0.39067479968070984
0.37222057580947876
0.39558765292167664
0.37138524651527405
0.35883575677871704
0.3685275614261627
0.3757810890674591
0.3810597062110901
0.3534471392631531
0.3908522129058838
0.3975071609020233
0.36043962836265564
0.35838401317596436
0.4023092985153198
0.3771358132362366
0.3675954043865204
0.37828895449638367
0.38230204582214355
0.3570229411125183
0.3740706741809845
0.3871353268623352
0.3857267498970032
0.37230992317199707
0.3722716271877289
0.39191657304763794
0.3624638020992279
0.38537582755088806
0.37283000349998474
0.38470685482025146
0.3849974274635315
0.36630120873451233
0.3766865134239197
0.3908975124359131
0.3493497371673584
0.35473474860191345
0.37230563163757324
0.37205150723457336
0.36038559675216675
0.37506580352783203
0.3616308569908142
0.38807588815689087
0.3918977677822113
0.3572542667388916
0.40938398241996765
0.38586676120758057
0.35639265179634094
0.37231123447418213
0.3762829899787903
0.38740238547325134
0.36412617564201355
0.3634198307991028
0.3730141520500183
0.39205071330070496
0.3750917911529541
0.35836341977119446
0.37983423471450806
0.37503358721733093
0.37254688143730164
0.3831176161766052
0.39471447467803955
0.3809731602668762
0.36366379261016846
0.37236273288726807
0.39264190196990967
0.3956364095211029
0.36069390177726746
0.39590519666671753
0.39749449491500854
0.3677980601787567
0.3886047899723053
0.3684927821159363
0.38522058725357056
0.4029962122440338
0.3819875419139862
0.3751249313354492
0.38580912351608276
0.3727814853191376
0.3697771430015564
0.3856882154941559
0.38641613721847534
0.3874075710773468
0.36907538771629333
0.39133191108703613
0.38207051157951355
0.36756742000579834
0.35859012603759766
0.3763299882411957
0.3808661699295044
0.37599173188209534
0.36792492866516113
0.3712070882320404
0.3844078779220581
0.37273842096328735
0.36483561992645264
0.3935365080833435
0.3474239110946655
0.35782262682914734
0.36096760630607605
0.3917877674102783
0.37181219458580017
0.33453699946403503
0.34547343850135803
0.3900716006755829
0.35812556743621826
0.34638917446136475
0.3833792209625244
0.3798866868019104
0.3621958792209625
0.372016578912735
0.35938891768455505
0.38208693265914917
0.3568814694881439
0.3657512962818146
0.36440032720565796
0.3866980969905853
0.37063464522361755
0.35244685411453247
0.33799707889556885
0.3695717453956604
0.36613863706588745
0.35733360052108765
0.4031238853931427
0.3729412853717804
0.3791334927082062
0.37063372135162354
0.3980255126953125
0.3667248487472534
0.3793099522590637
0.37514185905456543
0.3571607172489166
0.3798848092556
0.3669889569282532
0.36547648906707764
0.3532678782939911
0.3642030954360962
0.38717347383499146
0.35740602016448975
0.34645360708236694
0.3796350657939911
0.37664133310317993
0.3340710699558258
0.34953999519348145
0.3818889260292053
0.39441582560539246
0.36416932940483093
0.38400229811668396
0.3780001103878021
0.35492926836013794
0.3313632309436798
0.3612479865550995
0.3421492576599121
0.37906041741371155
0.36861082911491394
0.348084956407547
0.3464321196079254
0.3478788435459137
0.3603326082229614
0.3663524091243744
0.3645622730255127
0.3779858350753784
0.3582380712032318
0.37070536613464355
0.37994351983070374
0.3683108985424042
0.376167893409729
0.376494824886322
0.36200353503227234
0.37447822093963623
0.3748045861721039
0.3794706463813782
0.3725694715976715
0.3653709292411804
0.3497128486633301
0.380872905254364
0.3829392194747925
0.36730748414993286
0.3803732693195343
0.3816271424293518
0.39324328303337097
0.3555717468261719
0.37368008494377136
0.3780016303062439
0.35714665055274963
0.3728964626789093
0.36637839674949646
0.3771926760673523
0.37966394424438477
0.37834829092025757
0.37929877638816833
0.364732950925827
0.3907681405544281
0.38850292563438416
0.3720916211605072
0.38928040862083435
0.3613250255584717
0.36433327198028564
0.36066266894340515
0.38107725977897644
0.37447506189346313
0.3860694169998169
0.38097667694091797
0.3383374810218811
0.37001028656959534
0.36035871505737305
0.37285253405570984
0.3839596211910248
0.39699241518974304
0.37830451130867004
0.3790253698825836
0.3630235493183136
0.37825047969818115
0.38550329208374023
0.39421549439430237
0.38065454363822937
0.3544612526893616
0.36795303225517273
0.3913652002811432
0.3808526396751404
0.3865203261375427
0.38780850172042847
0.36393383145332336
0.3744466006755829
0.3705559968948364
0.39786970615386963
0.3770785331726074
0.40671369433403015
0.378240704536438
0.3759256899356842
0.3824009597301483
0.3804122805595398
0.36894944310188293
0.38349249958992004
0.3881644606590271
0.3802333474159241
0.3630145490169525
0.38475510478019714
0.3822450041770935
0.3773890435695648
0.3835407793521881
0.3983437716960907
0.39486274123191833
0.3976055979728699
0.3745344579219818
0.3706691861152649
0.3612639904022217
0.3774668872356415
0.3784104883670807
0.40509092807769775
0.3669646680355072
0.3789374828338623
0.377574622631073
0.39430874586105347
0.38267648220062256
0.4022475779056549
0.4024472236633301
0.3699798583984375
0.3783523440361023
0.3768502175807953
0.3945249915122986
0.38969549536705017
0.38174179196357727
0.38854703307151794
0.3888247013092041
0.4017888307571411
0.39811035990715027
0.3944705128669739
0.3924282193183899
0.3874833583831787
0.3765617609024048
0.3780367970466614
0.3755965530872345
0.3933754563331604
0.37780261039733887
0.38228490948677063
0.37681692838668823
0.3720627427101135
0.38562172651290894
0.3782871961593628
0.4036594331264496
0.36646318435668945
0.37110793590545654
0.38348039984703064
0.39372512698173523
0.38972610235214233
0.3827863335609436
0.3710033595561981
0.4042579233646393
0.38998618721961975
0.3782183527946472
0.39255794882774353
0.40962186455726624
0.40323635935783386
0.3972185552120209
0.4101705849170685
0.373917818069458
0.3677719831466675
0.3861158490180969
0.39397087693214417
0.3790145516395569
0.37795960903167725
0.3886259198188782
0.3977847695350647
0.38415196537971497
0.4079633355140686
0.3895924389362335
0.387382835149765
0.3789050877094269
0.3883395195007324
0.3821806311607361
0.40273967385292053
0.3675649166107178
0.374430388212204
0.3902400732040405
0.38319656252861023
0.3699992597103119
0.38988354802131653
0.3910198509693146
0.3853500783443451
0.37594208121299744
0.39346516132354736
0.3913842737674713
0.38144510984420776
0.38630035519599915
0.39540916681289673
0.38549473881721497
0.3962627649307251
0.40568727254867554
0.3928329348564148
0.40779951214790344
0.37991535663604736
0.3900205194950104
0.3866086006164551
0.4176010489463806
0.40215805172920227
0.4007292687892914
0.39677694439888
0.39729806780815125
0.3987693190574646
0.3842228055000305
0.395479291677475
0.4011240005493164
0.395862877368927
0.39085254073143005
0.37171149253845215
0.40017765760421753
0.40379294753074646
0.4011809825897217
0.4023967683315277
0.4036999046802521
0.3684042990207672
0.3755642771720886
0.38694843649864197
0.3822147250175476
0.38017547130584717
0.39424723386764526
0.38878846168518066
0.3944680392742157
0.3773798942565918
0.38376545906066895
0.3851729929447174
0.38395482301712036
0.3814855217933655
0.40020012855529785
0.37789586186408997
0.3849365711212158
0.40257108211517334
0.3810461163520813
0.40335357189178467
0.40215447545051575
0.39849522709846497
0.4059034287929535
0.4068504571914673
0.39365971088409424
0.400572806596756
0.39384153485298157
0.3922217786312103
0.39882078766822815
0.4078451097011566
0.36995771527290344
0.4150196313858032
0.3986107110977173
0.3920532166957855
0.39976075291633606
0.4084327816963196
0.38383135199546814
0.38428881764411926
0.3914920687675476
0.3851000964641571
0.40345078706741333
0.386290967464447
0.3793335556983948
0.38488903641700745
0.39688295125961304
0.38357067108154297
0.3917912244796753
0.37875598669052124
0.3910946547985077
0.3943481743335724
0.38335907459259033
0.38028234243392944
0.39552098512649536
0.3769928514957428
0.3956320285797119
0.3955352008342743
0.3853350281715393
0.38016557693481445
0.37975645065307617
0.38429856300354004
0.37977221608161926
0.37979674339294434
0.4013124406337738
0.3580211400985718
0.39451470971107483
0.39757147431373596
0.39154255390167236
0.381300687789917
0.37432238459587097
0.3854628801345825
0.3804439902305603
0.3915456235408783
0.37340617179870605
0.3550744354724884
0.3842449486255646
0.4059393107891083
0.35540369153022766
0.38040539622306824
0.39083629846572876
0.3880774676799774
0.3809381127357483
0.3773655295372009
0.3811200261116028
0.37833714485168457
0.37700217962265015
0.379084974527359
0.3733792304992676
0.3923025131225586
0.3806565999984741
0.38801953196525574
0.3838648200035095
0.38977116346359253
0.38799411058425903
0.3836805522441864
0.39406222105026245
0.40722981095314026
0.39438775181770325
0.3783733546733856
0.3898841440677643
0.4071831703186035
0.4029887020587921
0.38872230052948
0.4111438989639282
0.4043111503124237
0.37874388694763184
0.4094615578651428
0.3851296305656433
0.37389177083969116
0.36932554841041565
0.3927435576915741
0.39122188091278076
0.39047399163246155
0.3788898289203644
0.4004558324813843
0.38470539450645447
0.39014312624931335
0.3911454379558563
0.40035444498062134
0.3951724171638489
0.4095801115036011
0.3931693434715271
0.3908291161060333
0.39223477244377136
0.40860849618911743
0.4140018820762634
0.37900155782699585
0.3878833055496216
0.3787878751754761
0.3847710192203522
0.401691734790802
0.3874838948249817
0.3995242714881897
0.3995321989059448
0.4116041362285614
0.4078042805194855
0.41768428683280945
0.39501631259918213
0.39022332429885864
0.41743117570877075
0.41571253538131714
0.38143619894981384
0.38686126470565796
0.4071408212184906
0.4042854309082031
0.38836029171943665
0.3970695436000824
0.3834076225757599
0.37953048944473267
0.3546358644962311
0.3862060606479645
0.38244301080703735
0.3940144181251526
0.3747429847717285
0.40518078207969666
0.4035649001598358
0.37733569741249084
0.3865428566932678
0.4041799306869507
0.39578232169151306
0.3760051429271698
0.39785435795783997
0.39794430136680603
0.3769848942756653
0.37782618403434753
0.37643834948539734
0.4015699028968811
0.39924582839012146
0.38344743847846985
0.3903728723526001
0.40474367141723633
0.4000299870967865
0.3936597406864166
0.39988580346107483
0.3920373022556305
0.3874647915363312
0.3839353919029236
0.3908308148384094
0.37868204712867737
0.4029041528701782
0.39112573862075806
0.39829951524734497
0.42015403509140015
0.410645455121994
0.4012514650821686
0.38768434524536133
0.3949034810066223
0.3946804106235504
0.38211584091186523
0.3861931562423706
0.4080222547054291
0.37903162837028503
0.39315325021743774
0.3916110694408417
0.4065465033054352
0.4086459279060364
0.39750781655311584
0.37938132882118225
0.3992791771888733
0.4166995584964752
0.3988948464393616
0.40242332220077515
0.4089067578315735
0.3910779058933258
0.39931708574295044
0.3923259675502777
0.37659624218940735
0.3953695297241211
0.3988991975784302
0.3959590196609497
0.3803020417690277
0.4037591814994812
0.4024064242839813
0.3843111991882324
0.3953055739402771
0.4042070508003235
0.3940316140651703
0.3876255452632904
0.38937830924987793
0.3906657099723816
0.38810184597969055
0.38217687606811523
0.3792491853237152
0.3937498927116394
0.39057183265686035
0.3712577521800995
0.38966456055641174
0.3959759473800659
0.3757343590259552
0.39292266964912415
0.38027283549308777
0.38447266817092896
0.3893811106681824
0.3975754380226135
0.3556118309497833
0.3989778161048889
0.3888966739177704
0.40661686658859253
0.36845093965530396
0.39037734270095825
0.3900878429412842
0.3957309126853943
0.3878185749053955
0.3839586675167084
0.3826972246170044
0.3895469903945923
0.36849790811538696
0.36873456835746765
0.3877235949039459
0.3813563287258148
0.38446909189224243
0.3795579671859741
0.36951249837875366
0.3752042055130005
0.3918771743774414
0.39350780844688416
0.39085763692855835
0.36884811520576477
0.3791614770889282
0.3959951102733612
0.37017545104026794
0.36294934153556824
0.3901067078113556
0.38832369446754456
0.3884352445602417
0.4016534090042114
0.3769007623195648
0.3831433653831482
0.39057639241218567
0.38291800022125244
0.3902112543582916
0.37878021597862244
0.38248923420906067
0.38543274998664856
0.39440014958381653
0.3876607418060303
0.3945901393890381
0.405886709690094
0.3985059857368469
0.3902943432331085
0.3962092399597168
0.3825439512729645
0.3997900187969208
0.38036805391311646
0.382146954536438
0.3931565582752228
0.40372613072395325
0.38011670112609863
0.39638951420783997
0.40127137303352356
0.38709259033203125
0.3784654438495636
0.38062697649002075
0.3818208873271942
0.41780585050582886
0.38585028052330017
0.37590715289115906
0.38188332319259644
0.40469875931739807
0.3974289894104004
0.4049326479434967
0.38019663095474243
0.39459991455078125
0.39640045166015625
0.38012513518333435
0.38431864976882935
0.3935851454734802
0.4022262394428253
0.3830465078353882
0.410590261220932
0.39916443824768066
0.41062164306640625
0.38462182879447937
0.39515000581741333
0.38907402753829956
0.39199528098106384
0.38196060061454773
0.3823169469833374
0.40501517057418823
0.39715272188186646
0.39572641253471375
0.3927608132362366
0.3979736864566803
0.3958294689655304
0.3872644305229187
0.41221389174461365
0.4002208411693573
0.36841630935668945
0.4039134383201599
0.397549569606781
0.3886373043060303
0.3989291787147522
0.3770366907119751
0.3816305994987488
0.3892791271209717
0.3830765187740326
0.3893166482448578
0.37382742762565613
0.4028489887714386
0.37771788239479065
0.3718465268611908
0.38857129216194153
0.3643890619277954
0.3846225440502167
0.3688020408153534
0.3957425057888031
0.3776393532752991
0.3899625539779663
0.38819316029548645
0.3941277265548706
0.3842221200466156
0.3895064890384674
0.3815012276172638
0.3888893723487854
0.4082569181919098
0.38406825065612793
0.3876177966594696
0.4049694538116455
0.4079989492893219
0.3785618543624878
0.3759823739528656
0.3883253335952759
0.400228351354599
0.3834857642650604
0.4027635455131531
0.39072343707084656
0.39319348335266113
0.4073561429977417
0.39109253883361816
0.38659048080444336
0.3812582492828369
0.40643876791000366
0.38746315240859985
0.40433019399642944
0.412684828042984
0.39397457242012024
0.38533011078834534
0.38645288348197937
0.39340275526046753
0.417439728975296
0.3951570689678192
0.41232311725616455
0.39856788516044617
0.3799892067909241
0.3762640655040741
0.3859136402606964
0.3785310685634613
0.3791811466217041
0.38324660062789917
0.40500232577323914
0.38266730308532715
0.372357577085495
0.3911953270435333
0.3882793188095093
0.39174884557724
0.37932583689689636
0.3904816806316376
0.3949587345123291
0.38784337043762207
0.4103081226348877
0.3806731700897217
0.39783811569213867
0.3970429301261902
0.37334972620010376
0.38726866245269775
0.3777206838130951
0.3984113335609436
0.4071422815322876
0.3768330216407776
0.3990617096424103
0.36127451062202454
0.38529425859451294
0.3753163516521454
0.37557148933410645
0.37683576345443726
0.3847825527191162
0.39032015204429626
0.39140117168426514
0.40621814131736755
0.3902326226234436
0.4004741609096527
0.38920122385025024
0.3857569098472595
0.4020598232746124
0.3774617910385132
0.4062372148036957
0.39013445377349854
0.39792290329933167
0.3959810435771942
0.38941434025764465
0.3985227942466736
0.4061981737613678
0.3846113383769989
0.4028349220752716
0.41445377469062805
0.3881080746650696
0.379514217376709
0.3829508125782013
0.38037174940109253
0.40382662415504456
0.39334893226623535
0.3843187093734741
0.377255916595459
0.3969816565513611
0.4023917615413666
0.37770187854766846
0.3964414596557617
0.39275214076042175
0.3930268883705139
0.41812971234321594
0.3960869312286377
0.4016360342502594
0.39073073863983154
0.39300549030303955
0.38834431767463684
0.37892401218414307
0.3591679632663727
0.39467760920524597
0.37509262561798096
0.37519165873527527
0.37033483386039734
0.4028683602809906
0.38930562138557434
0.38614964485168457
0.4088013172149658
0.39057356119155884
0.3948473036289215
0.39708003401756287
0.3873940408229828
0.38623279333114624
0.39636117219924927
0.39277777075767517
0.4035365879535675
0.4009988605976105
0.4071580469608307
0.41093114018440247
0.3828839659690857
0.3787435293197632
0.40714046359062195
0.40494340658187866
0.38894981145858765
0.4051338732242584
0.3942786157131195
0.416945219039917
0.3888322114944458
0.39346611499786377
0.41171813011169434
0.41192394495010376
0.4079728126525879
0.40793120861053467
0.40091827511787415
0.38978561758995056
0.4108369052410126
0.4011341631412506
0.3883697986602783
0.39178505539894104
0.3894173502922058
0.38954082131385803
0.3921443521976471
0.38936761021614075
0.392977774143219
0.406241238117218
0.3981090784072876
0.3919074833393097
0.3905234634876251
0.4019002616405487
0.3913838863372803
0.4048948884010315
0.3600985109806061
0.3941900134086609
0.39968645572662354
0.39130663871765137
0.40674588084220886
0.40639910101890564
0.39651811122894287
0.3864423930644989
0.39357900619506836
0.4020528793334961
0.40233123302459717
0.4013262391090393
0.38321882486343384
0.38134995102882385
0.3975765109062195
0.4213889539241791
0.4076545238494873
0.40821558237075806
0.41037195920944214
0.42086565494537354
0.39479774236679077
0.4098970293998718
0.4113781750202179
0.4074925184249878
0.39828386902809143
0.4179783761501312
0.40973570942878723
0.38147005438804626
0.3919689655303955
0.3730655014514923
0.40024927258491516
0.3933779299259186
0.39863911271095276
0.3840439021587372
0.38371890783309937
0.39850643277168274
0.3790263533592224
0.3995750844478607
0.40424370765686035
0.39907798171043396
0.4100394546985626
0.3873368501663208
0.39800599217414856
0.3859208822250366
0.38623034954071045
0.3869660198688507
0.386069655418396
0.40704208612442017
0.38518282771110535
0.3873763382434845
0.4036828279495239
0.4053618907928467
0.39449363946914673
0.3971010446548462
0.40457966923713684
0.3999097943305969
0.37334302067756653
0.4071440100669861
0.4001545310020447
0.4002699851989746
0.3835136890411377
0.4022826552391052
0.39782536029815674
0.3978517949581146
0.3713453412055969
0.3841087818145752
0.41138756275177
0.41185978055000305
0.40062347054481506
0.367057204246521
0.39478036761283875
0.40806472301483154
0.3920040726661682
0.38582083582878113
0.39367926120758057
0.4230899512767792
0.4142149090766907
0.3890094459056854
0.41293588280677795
0.415435791015625
0.4045703113079071
0.39272022247314453
0.39605283737182617
0.40801388025283813
0.39182499051094055
0.38742029666900635
0.4180155098438263
0.39840540289878845
0.40296241641044617
0.39545947313308716
0.3871975243091583
0.3843393921852112
0.42337921261787415
0.39660388231277466
0.3923899531364441
0.4095316231250763
0.3855589032173157
0.3749607801437378
0.41601672768592834
0.399967759847641
0.3867669105529785
0.38952165842056274
0.39124006032943726
0.3925620913505554
0.38016095757484436
0.392596960067749
0.40935036540031433
0.3871549665927887
0.3938407003879547
0.4064168632030487
0.3808436989784241
0.3906988203525543
0.39445599913597107
0.39096274971961975
0.38929709792137146
0.3633727431297302
0.4147495925426483
0.4008568227291107
0.40761005878448486
0.3870282471179962
0.3941420018672943
0.3941815495491028
0.4098319113254547
0.3854717016220093
0.38153207302093506
0.3794519007205963
0.3943624794483185
0.3699943721294403
0.3758813440799713
0.4086243212223053
0.3907361626625061
0.398330420255661
0.38076919317245483
0.4007246196269989
0.40490853786468506
0.39124608039855957
0.3739776611328125
0.39251968264579773
0.414101243019104
0.39003774523735046
0.3793482780456543
0.38329946994781494
0.41349682211875916
0.39278584718704224
0.40719377994537354
0.39444682002067566
0.42374083399772644
0.40010520815849304
0.3873286843299866
0.4086553156375885
0.41837671399116516
0.410500705242157
0.4009077847003937
0.411550909280777
0.4097473621368408
0.41710737347602844
0.39477190375328064
0.3995852768421173
0.3951440751552582
0.39882099628448486
0.39952191710472107
0.3994465470314026
0.4158516228199005
0.4018450379371643
0.4016459286212921
0.4208601415157318
0.4154990017414093
0.38257214426994324
0.38689976930618286
0.40895363688468933
0.3999711573123932
0.4147827625274658
0.4146803915500641
0.4100971817970276
0.3926181495189667
0.408098042011261
0.4081723690032959
0.40256568789482117
0.4224529564380646
0.38623738288879395
0.4039038419723511
0.4089033603668213
0.4230840504169464
0.40378454327583313
0.39412569999694824
0.3992465138435364
0.410582572221756
0.39222925901412964
0.4238395094871521
0.3940831124782562
0.3940848410129547
0.39148780703544617
0.3902350962162018
0.3899576961994171
0.4032822549343109
0.3999159038066864
0.3801400363445282
0.39594751596450806
0.3832441568374634
0.37679392099380493
0.39912617206573486
0.38987597823143005
0.40069815516471863
0.391588032245636
0.40232154726982117
0.41414332389831543
0.39687010645866394
0.3880388140678406
0.38357457518577576
0.4002840220928192
0.3978317677974701
0.39260631799697876
0.39736756682395935
0.40689191222190857
0.4017249047756195
0.38119545578956604
0.4010516405105591
0.3835519552230835
0.39413926005363464
0.4060569703578949
0.4022234380245209
0.40950527787208557
0.3825902044773102
0.4128548204898834
0.4021483361721039
0.40530359745025635
0.39692869782447815
0.4178081452846527
0.3905431628227234
0.3914172649383545
0.3907582461833954
0.38542452454566956
0.3976571559906006
0.3860355019569397
