-1.8476721713825834
-1.783810355298098
-1.7561278942037621
-1.905323343440552
-1.6934565931785073
-2.0457608025183522
-1.9820512898876634
-2.0825971092354414
-1.8651092327701624
-1.8726068794912005
-1.8490374781222154
-1.857325744963871
-1.5098439353212547
-1.9537940683322577
-1.5643919812066398
-1.6002170831873503
-1.8345362918528854
-1.7603790584271397
-1.677641476282806
-1.5357340270945026
-1.618717459591856
-1.6048131967266035
-1.754157773561182
-1.5150894285613492
-1.670259389679348
-1.7470066183287467
-1.7052745911676608
-1.685026652579449
-1.7565854345504122
-1.646772832399083
-1.452454135690708
-1.8171750998226892
-1.5662201081981053
-1.7888707205901824
-1.694616244054693
-1.3943800676833804
-1.6847863375131753
-1.6916908296858701
-1.4838828827013668
-1.7854790561951044
-1.7544689608741841
-1.659830214547335
-1.6742364170616748
-1.4706802515100696
-1.5763891708926905
-1.8829567973142982
-1.7469432086889662
-1.4796279767271983
-1.4323542862854863
-1.821812039399623
-1.6027015231174488
-1.486755526510809
-1.3442838934978854
-1.5212542824478703
-1.2561698311604212
-1.6951277438761523
-1.5135029988787825
-1.3357444105607512
-1.3788347292870813
-1.502643643315155
-1.5092940077544836
-1.592938997219404
-1.3940355676277458
-1.3824764512397802
-1.5424044684791383
-1.3415530800118003
-1.4545342364183897
-1.2715218739210676
-1.3621358093071625
-1.3616170499484332
-1.3922244476117573
-1.2168348152881046
-1.2886407312386878
-1.418626318938612
-1.5778439679056704
-1.2012267222750643
-1.3251026398550547
-1.019978912862437
-1.3678551709298605
-1.0483374317589564
-1.1367408959428287
-1.1511017773814696
-1.0774200861702596
-0.9805408768476056
-1.1578122476235821
-0.7186811768486804
-1.0274096563302835
-0.6716214348035191
-0.9879444367088476
-1.4387935594132124
-0.9260128034040256
-1.0334585891230335
-0.8210977460949165
-0.8904317661593611
-0.8714326520287218
-0.4366229238027504
-0.8753130196018266
-0.9267468438873148
-0.4287381964772982
-0.6128313083543143
-0.7948059547647873
-0.3589238782776328
-0.591706394448435
-0.17251110260619676
-0.45376651744851254
-0.43145793803777344
-0.49552285242478256
-0.5603426623960048
-0.13663053109843637
-0.5316829957155274
-0.21132052830378598
-0.10152899854846846
-0.2904580049489591
0.03858724873636698
-0.44056934479798343
0.2512271597381907
0.19776453911518613
-0.3204825463750617
0.10184880773130045
0.12386165003189861
-0.010593350255361712
-0.25019898428102755
0.05147027355298744
0.15905517452157497
-0.042150057542582144
0.25193744775299537
0.09257041446104167
0.028252221387447277
0.32395124071539855
0.11677624267568622
0.3134095369236125
0.11898480274780887
0.5779382573421936
0.13891300319501096
0.34971375523567233
0.003846940405482019
0.02416471788406673
0.27523179393444547
-0.1261952560076505
0.4864478614984137
0.5239483153247732
0.27731686344655376
0.30947550576023836
0.6729482742227646
0.3358297291825641
0.08726029345981569
0.6496801419971546
0.5856884393479515
0.4003812854062622
0.6379746657464055
0.29760566280633083
0.4653292740054448
0.2861610541912053
0.45595762849728483
0.6296808863398554
0.6244734285971195
0.49176859863960243
0.3481462197204267
0.3063139298501046
0.20111789464349802
0.7365112823596831
0.5425649868416701
0.4836340792959476
0.40777551263838036
0.37135401778222143
0.5265711111055841
0.712846560674247
0.5884769343534405
0.8160012521579099
0.7256088589384261
0.6892295711217332
0.7210792486191426
0.8469118241760043
0.4631061718509814
0.5391249599918783
0.7067411957443871
0.5235096175740134
0.7086115092421968
0.663236166682084
0.6934832386987622
0.6237486672786964
0.6828746107242158
0.6878815645910614
0.7338768715725115
0.7571809529994837
0.7284952808763292
0.41951220545744533
0.5119427755924092
0.7483167842219247
0.6799904443551525
0.7523804518894418
0.5926151385595545
0.6478547817364672
0.7245408452079037
0.7298542044089809
0.758913847565169
0.8077012321407785
0.43224993123433725
0.792956123140252
0.4673343774829246
0.818982799747824
0.9249146764178757
0.6949900563182008
0.8012421925322173
0.7412067119145723
0.39785194897809373
0.8171485177605252
0.7618788198998484
0.4618108415316016
0.7257807463484499
0.7116239342675336
0.7548515599493991
0.8418627689065591
0.7885788438665245
0.7629932431114212
0.748734105333944
0.8237684377435562
0.5644090066018462
0.8306132306854426
0.7180990508513847
0.7792004479153962
0.7546198098997884
0.8563196877627597
0.5236527187748622
0.8104816734264394
0.8205636956292206
0.8367783338088326
0.7924445701969166
0.7797363612664362
0.7624713668131369
0.7764879660301339
0.8996729829952465
0.7345356668795855
0.7713991363504211
0.8588696867557377
0.8222871408271164
0.8178095185681487
0.8351842204072677
0.871925075510384
0.8221659278156387
0.7442070080727192
0.7692960621980275
0.8000191673680724
0.7571164481895526
0.7992565803486319
0.8388463111173399
0.8765258935254511
0.8127269894255263
0.8183263116031915
0.736255953721314
0.8463080337719955
0.8274889659809812
0.8166007533947839
0.8048072917090732
0.826292854155246
0.7602437866626446
0.8387883054306682
0.7976159150559475
0.7621358896753936
0.7394523742079268
0.7982818609801552
0.7684193808676474
0.7471508146791319
0.738607297990006
0.8466382445117064
0.8157805221740595
0.909320305970343
0.8247835444958549
0.781741139777589
0.7395536470324073
0.8286713061226781
0.7821998241107282
0.7872485556680082
0.8382154510825399
0.7774068342889286
0.9051509470227906
0.7750793322005526
0.8035396185879853
0.7841685500861961
0.795175216727608
0.838822817165957
0.8770771281133808
0.8593847978769519
0.859274287669567
0.8475111225049738
0.7668018139122491
0.8365411369394078
0.7142346780318618
0.7507476986552314
0.8481452229933425
0.7783945449388948
0.9020012648453181
0.8494612133250589
0.8383685645067251
0.8057142119861851
0.8363830607175495
0.7340460399456563
0.8134115691876299
0.8430662494058379
0.8713751072985385
0.7957085551391088
0.7760897055929131
0.9383981633502932
0.809124676013663
0.7854355842460404
0.7906095361576629
0.8402191730945674
0.8412184195230193
0.8737578934366844
0.8197606325446184
0.8581340197437979
0.8102910073867482
0.8032762996860829
0.7915255319462682
0.7986421287849071
0.8874411576410783
0.8516623383279442
0.7977271473520752
0.7752561303865247
0.8064537125552375
0.8339680583896675
0.8520140884855621
0.7999581306712187
0.8377849684088443
0.7393474016208282
0.8036005182244348
0.8798304224161873
0.7939524064730711
0.8393891708734057
0.8122178620457502
0.8274116847630766
0.8485313949640267
0.8722265822367835
0.8314404385273917
0.8272520346568746
0.8788894260904645
0.7955099501407511
0.8150437515340946
0.8455041411799228
0.8727038361724716
0.8293713754562897
0.8087062843634263
0.8657052795718594
0.7880707532905975
0.7749127844829473
0.8174395873716243
0.8274669570831548
0.8375193734869358
0.8297496540318021
0.7833305865039527
0.7732518635241326
0.8714997063654305
0.8822827752090057
0.7802275102736468
0.81454740699615
0.7875241454444123
0.84058629439677
0.8926620397272179
0.7954641897217991
0.7723080247867217
0.8273409736372614
0.7710955055207538
0.7219233968887486
0.8253598033724305
0.8036732300529662
0.8332674349992981
0.767533672636677
0.8477533048897181
0.8169992636776713
0.8923121589678512
0.7961307182318401
0.7999092929013005
0.8179873793973863
0.822945303848297
0.5514468535078724
0.7793208783210569
0.7103733230047528
0.84516354858828
0.7964950851469924
0.7987147648593361
0.8250036553609149
0.8217930806847618
0.8012811732144142
0.819688815500121
0.7966168430660856
0.7953582060912056
0.8197202024977459
0.8073725470122012
0.8146532771628354
0.7911298854435981
0.7343129791984295
0.8622310022233661
0.8602340235261499
0.7665181350613701
0.7220176283037519
0.8017353927031297
0.8019095160142629
0.8183331156556454
0.9200020720395672
0.9095191087708366
0.7355564922521434
0.8217920393222751
0.805937757063911
0.8619970062707585
0.7722954421934134
0.8136985389234679
0.7847708514651756
0.7824969947428507
0.7648398910375754
0.8539623312549451
0.8161977442604139
0.7902998792760312
0.8721273655598304
0.8324634176783264
0.7831436197981606
0.772733540237624
0.8297271890110047
0.8514751475481054
0.8506689485711648
0.8702650060598172
0.7885593056727637
0.8496084645401036
0.7580835193298056
0.8173681654134322
0.734628919899306
0.787738510791653
0.8318478389208726
0.8001810537606476
0.7688612852816821
0.739897605498282
0.8010087301029867
0.7489384794190577
0.7714036265394867
0.7935862854655522
0.889004647370784
0.8366689132949547
0.8375806571314528
0.8539101091458308
0.798054482205283
0.8246589246376531
0.7657705894936394
0.8473252347642207
0.8332483097230458
0.8009363042241394
0.751346406863924
0.8039994241163144
0.8454151943953585
0.8702172556703712
0.8355106850935032
0.817358848897157
0.8104411296730158
0.8409562917534378
0.8288444443056702
0.8178661714687155
0.7684572877032871
0.8303423581932924
0.7471713486503848
0.7701859069400832
0.7964785992972714
0.8453496485630909
0.8044553446475836
0.8219206665818053
0.8035728090907233
0.8146825127152217
0.7627887835496258
0.7671299435491425
0.8093772038973618
0.8314788774748303
0.7612602334924833
0.8496450708213241
0.7167081897305209
0.7875425875166824
0.8317329437916452
0.8300242186015762
0.7791435907610252
0.8704061982692549
0.7682402570864142
0.8081750730097517
0.8144257322561868
0.8011667078124582
0.7932996575215108
0.7567468020215452
0.7726920470401901
0.7951494929030553
0.9058711249480746
0.8592951470649111
0.7542615924224844
0.8283133364433208
0.783597187495134
0.7708900933904732
0.7642034337668885
0.8082703052156304
0.7555170568905795
0.7297371720006789
0.8044472114550093
0.8145158534896643
0.7683371366358248
0.9203651263934547
0.8780173296033728
0.810286658131551
0.7663801732855207
0.856971852935081
0.8599546173062498
0.8368686183783977
0.8089325095157989
0.9046670437922738
0.8152688997173468
0.82046994514429
0.7676239403701902
0.8987369748121314
0.7915796776926398
0.7964585359521091
0.8880476582312548
0.7815835554714491
0.8236455047341217
0.8334540435257725
0.8108530993268691
0.8247913310953643
0.8475844666682222
0.8644645617469222
0.7378655371897984
0.8608889227450963
0.760925015317343
0.8077012477834884
0.7802676487638761
0.8379200905039842
0.8502745162915641
0.7986381424845873
0.777158847878805
0.8619008452859664
0.8247284713219326
0.8390531976502986
0.8317684689960061
0.8409970621269083
0.7928192268704832
0.7398583518317458
0.8757900176723729
0.8577293629535435
0.8313701161673526
0.8151417463879729
0.7616112872577803
0.8063189018206312
0.8377803043358014
0.8337053560249087
0.8742638215359556
0.8567468685982337
0.7459512399914053
0.8961248943563701
0.8258230520954107
0.7552588903226091
0.7578247157541026
0.8537989602415234
0.9094651576243609
0.8203177710480594
0.830772309958917
0.790675219891651
0.8310167255131481
0.8987920857159952
0.8366803313161562
0.7757181795415711
0.7818766658708187
0.8035388466909398
0.8368450214083176
0.7853000960315708
0.8493484138515682
0.7811833290391373
0.8935175282805827
0.8418992736129677
0.8424122521426455
0.8774426262325403
0.8663959147976562
0.7884994269121558
0.8061038740868138
0.7738335012047352
0.8689717482862127
0.7929442307820664
0.7553260769503447
0.814375514279288
0.7782774384157393
0.8663648985147192
0.8200308540761454
0.751301267020403
0.7880632974713281
0.796219395730399
0.8703102355608006
0.8355140767594051
0.9094352040494716
0.8658052681945336
0.8270560703733805
0.7901319159482125
0.8143760309768829
0.8067197578318323
0.7995799535627706
0.8385023049002862
0.8197505395984124
0.8264095511603403
0.8306635928367719
0.8851421883422551
0.8005601448961533
0.8401671491850395
0.7344813029601654
0.7574457645890105
0.8383996690820846
0.8201590784780847
0.77646074076053
0.8312143475905018
0.8432303548843528
0.9015157340798857
0.7829443126106391
0.7916883377725007
0.745821886442338
0.83339502308037
0.9250410797636796
0.8419359665096068
0.7032686501608847
0.8425358274345901
0.8247324660828858
0.7712085803747969
0.8803732342271464
0.8459419461031427
0.86795923884856
0.8140135213114513
0.8080245958923888
0.7901015711506091
0.8187866124677048
0.772348294357165
0.8233016649767687
0.8785246844052544
0.8614239327203914
0.8316647031388894
0.8280787116745869
0.8251099419903657
0.9044987703918204
0.8598974189311819
0.7223494492932836
0.8372208588907243
0.8728760202124979
0.7718352535903281
0.8196207004825823
0.853783080028
0.7976138772772148
0.8297596420109689
0.8517707080304161
0.7396897201870889
0.816981497989479
0.8346607992371813
0.8158265095878353
0.8570818058295914
0.8557360270936409
0.8123117422243898
0.8133788158391501
0.7961293279204634
0.8058569261386193
0.8044510374707502
0.8385457477869869
0.8098973102853674
0.8330028644892117
0.7852481189841403
0.8497340339769961
0.786607392733415
0.8818641352726608
0.8431839143928859
0.8421238061668579
0.8350498149685331
0.8339669318272114
0.8004429568195557
0.7721797091498037
0.7335264744173716
0.7517409046000985
0.8553645207862843
0.8343239691713179
0.8295083211328768
0.8778800560234263
0.8147662550898582
0.8827849403359854
0.8090946127810539
0.4944469766552876
0.793957587439646
0.7878596072376894
0.8809831602219875
0.8527702951422426
0.8665030860434774
0.8203379386800491
0.7546314367566539
0.7930417823622862
0.8015567572518115
0.7316944156283665
0.8463337661270066
0.8867067198816679
0.8484762573502993
0.7842798695817321
0.855513087846574
0.848812631805618
0.8402318068519654
0.7636056869475734
0.8868798658689939
0.7742320097329463
0.9024184988631748
0.8194204170061679
0.850233351733283
0.8411466198335137
0.8315115538075701
0.8340512109776328
0.7971536765299125
0.8257317795233224
0.7715853608244545
0.8561298570869984
0.7896323554875369
0.8068075276400853
0.7509980286527836
0.8213756368086439
0.9579734547996804
0.7830485460485375
0.8815218439482333
0.7933080656905452
0.8505464029502391
0.7817410869895064
0.8004912921670575
0.8434194505586674
0.8028868990754342
0.8726725639394355
0.7584344229572212
0.8579106173548555
0.7901255791846094
0.7677627364286352
0.8366736052531674
0.8422911730374687
0.6993060307032515
0.7952828943612154
0.8243795478052691
0.8438764824556121
0.8485869744879874
0.6888437322385657
0.7915508358057858
0.8104159686937424
0.8044923889176742
0.8864464591637591
0.8538150319267398
0.8552629868589079
0.872403327117338
0.8588987754293165
0.8080713523559111
0.8810171845931376
0.8118402633747756
0.8539633767438404
0.8353933771717919
0.8767873871063377
0.8827652146726088
0.7740893494871319
0.8232195331692316
0.8016313689522067
0.8082988339470302
0.8466485692402921
0.813749661804347
0.848539153924574
0.8661046425360321
0.8320433789602002
0.8242237400685587
0.7881079487922531
0.8010144346279442
0.751823086229316
0.7796763702486537
0.8533396539864538
0.8223650169119456
0.79133443799869
0.7883333127602783
0.6387746734151142
0.7897718208213516
0.8186555332157387
0.8365144412061931
0.8037347174165269
0.8672685384605047
0.7498401802143655
0.8566303692489623
0.8525304330908777
0.8321668827385506
0.7961282428334786
0.8217781897900462
0.8467573579274068
0.8115490618181538
0.8668248391585913
0.8096697373210473
0.8381286753716927
0.8487093811595532
0.8186790515772289
0.8850845930550354
0.862084758526092
0.8240175985846547
0.8371962282480955
0.7828202301813825
0.7536589901485572
0.7662700392984075
0.7984374299822596
0.8146807833484374
0.8200533017877794
0.7892981582864563
0.8143549077619923
0.8656091032644225
0.8227158264828851
0.7983019314351985
0.745995692829507
0.8427363633910586
0.7563819055612057
0.7988981614955336
0.8447276206503058
0.842466991801775
0.8082978586046398
0.7833976761792247
0.886032865407697
0.7881982358841579
0.8298167276105859
0.7695695379518701
0.7988689671054064
0.8958474191474473
0.8310354881858203
0.841402596142182
0.780276767190415
0.7701281597605641
0.8598768597464654
0.8953059001651901
0.8532948505086728
0.8277346549477357
0.8191313263729572
0.781188190625497
0.7855684830782738
0.8508618525292886
0.7980974639519943
0.8753385835719704
0.7882636294336748
0.7946491239011153
0.8092756114047199
0.8417664555547337
0.8142402417936931
0.7567954417448053
0.9302723558075976
0.8271976354710016
0.7785760071143701
0.8089971270655041
0.7714658138396948
0.8656119407262906
0.8317165362712621
0.7588719804655162
0.8835276435624471
0.7738220260077848
0.8080718921420058
0.7957539610441455
0.8401758459715362
0.814420831896632
0.6910571117127126
0.8306571706020988
0.8024840148126948
0.749762229418108
0.7660402938867207
0.8033573207826785
0.8147805960187586
0.8249791129031046
0.8649177561920744
0.8383858349407239
0.7639035846909795
0.8625401114037825
0.839516650539993
0.8603357559644681
0.8191528512206343
0.8477914648518377
0.8926132064910145
0.7958649706849339
0.8926567786062561
0.7836519113168018
0.5799124925869183
0.8556987939375275
0.7852421332375751
0.7776504724530963
0.7891019984800561
0.7226010736183002
0.8193179382268141
0.8755779488243728
0.7708972465332717
0.8552460404991723
0.8134047821891134
0.826853923191026
0.9142647696682995
0.7993672653760813
0.8230389550194652
0.8550432366801131
0.8611950293156383
0.7667881957950627
0.8507693104164493
0.7839970640598568
0.8599986547542426
0.830009404762524
0.8520336274984164
0.7694180071863127
0.7615014218059399
0.8170276978460385
0.8488451354866108
0.8421158336300695
0.805354220811495
0.8826921494668141
0.8140482493999968
0.7644214315968574
0.822643666608322
0.8466940167309147
0.8929882928526252
0.8847307197659416
0.8315018842540263
0.7372707005552965
0.8511520279455449
0.8426882024351311
0.7824479593497452
0.8247717606783356
0.7017100250114372
0.7668390640600707
0.8053692812473778
0.8463081351554291
0.7994322370700546
0.7924833755042513
0.8504296019397075
0.8943368136627468
0.8668892783928119
0.8392826200627423
0.8091868242674617
0.8434304279501293
0.8779175036881246
0.882547428685657
0.7851767793634553
0.895988919682376
0.7996330064572484
0.814629908736806
0.8698162895854438
0.8336564914323126
0.7728632397118884
0.8012575236228312
0.8765958228301086
0.7969316775397286
0.8256971282181095
0.8119743166597357
0.8040694786413346
0.7986343629136023
0.8249235981826115
0.727149181527558
0.798313301666322
0.5715101525941637
0.8473640079444252
0.8127762114996824
0.8219119057143973
0.7963231519977996
0.8689382926986159
0.8109831802587941
0.8251016624003831
0.864174412608054
0.8164455149930964
0.8021858513423488
0.9047825406222546
0.7776360314542203
0.8038461274687265
0.7862811972854268
0.8718113360568213
0.8516101857678997
0.8314976975731033
0.8139164005886886
0.7945899888007957
0.8229308208291668
0.8126357552742454
0.8269489920327132
0.831635883334396
0.8142252299195702
0.7765731071326545
0.8741973792662509
0.838870623634875
0.766055520993191
0.8396413037336632
0.8191192380411157
0.8581320253955123
0.7296367565481492
0.8293593095454541
0.779640158901161
0.8489638646874152
0.8531416719852677
0.868614039330546
0.8478176885418576
0.74989563086671
0.8125224415273559
0.8663451690072621
0.8542624705101253
0.8662441954791775
0.8373253707364599
0.7900953405886053
0.7985093662349381
0.8168248112091747
0.7741603496355475
0.8483956336025934
0.8513914912768644
0.8007124894253949
0.8409773351651884
0.8954459928249404
0.8311014564140644
0.825391345232896
0.8624658260251744
0.7378986099197226
0.780938924771095
0.8011820806171295
0.7967364522588976
0.7656312103627312
0.8791819386567117
0.8132943201343539
0.7559877428351887
0.7652672155653382
0.8216150533629565
0.8589946950020848
0.9030231841781862
0.893707844059667
0.7434294696253908
0.8467933972380631
0.8292280167552861
0.8660464589641651
0.8153119734042742
0.835820035594611
0.8270134387095811
0.8917415844965135
0.8432692438833895
0.8126860264052684
0.8847080014572004
0.8282671432933472
0.8499740594152162
0.8697233157334998
0.8598219129625844
0.8071027439089515
0.8917960390874922
0.773720882980685
0.7284729314165903
0.8478578261026912
0.8457615079833413
0.7762527139740496
0.7673673237627268
0.8463152335186616
0.898823597232229
0.7543819510454254
0.9047235833847714
0.8369740857236051
0.8490613878751492
0.8648405755459294
0.7492593792085424
0.7842493190574645
0.7384718390348103
0.8054866586132758
0.8466442911219695
0.7993367017261905
0.8175007629822537
0.8196250728141267
0.8407293400858188
0.8290551770878364
0.7594189722974345
0.7457659777459217
0.8178564161829166
0.8128342117269276
0.8346433267982766
0.785010422782422
0.880747120138166
0.8675161530814685
0.7552247150436987
0.8537124575797955
0.791970380985444
0.8400841146354491
0.8309898744585255
0.8295540656630546
0.8792473121327754
0.7818998497736388
0.9375992584991013
0.7502125374727806
0.8264596750791373
0.8955793222630611
0.830264275447071
0.8216198876483507
0.7857287598949579
0.8269299882589347
0.7973539855970336
0.8342005715611287
0.7874752876088525
0.8032131052457528
0.7973878722423167
0.7542809255718824
0.8024539901245583
0.8606369778352727
0.917345420195236
0.8481325112818836
0.8188624067909342
0.8132211981070605
0.8799505351130853
0.848089626404551
0.7779184505187069
0.821892167103335
0.7788277314307762
0.7461003916949197
0.7908786641690018
0.9063021696727864
0.8145048630837326
0.828453097604029
0.8233588927911499
0.7672192376543293
0.7847216857137742
0.7943768060390591
0.7575159959237584
0.8826887515488062
0.7202197726697056
0.7317153064581621
0.8313873672617834
0.7908556025886501
0.9042657974071291
0.786194909209084
0.7790089974481543
0.7955929508307207
0.781136631505923
0.8261481852156628
0.8043084816307784
0.8406811273077209
0.7362348471124598
0.8790775062072531
0.861614628231998
0.7410701419012344
0.8070301481925324
0.7725492526781611
0.8413173404232173
0.844414439214158
0.8216140096747665
0.8594638653307537
0.7263515393839015
0.7870594387219836
0.8223689380718011
0.8516995550520416
0.8458635160949057
0.8250531438990504
0.8074038107009778
0.7935507651063084
0.8339793958254508
0.836405353283576
0.9426469643662718
0.7706944254581956
0.8689320245387315
0.8325175389977887
0.937892871635824
0.8275385192170395
0.7625663294617013
0.8360127157407157
0.8031549455808631
0.8008211357779463
0.853281272950093
0.8167252459618091
0.783626170014902
0.8341552646977096
0.8744609323096174
0.8212969765328065
0.8886643830039527
0.8644407871231858
0.8543311163516063
0.867521831261447
0.9030972361483531
0.8681104625912124
0.8511560621572939
0.8998661301409935
0.8278458967296953
0.7939433782491876
0.8209999915636872
0.8250572982719879
0.8185439170412623
0.7768064749834751
0.8482240234580132
0.7926643592050371
0.7462145277226322
0.8159064268442037
0.7924784661927661
0.8169348911191463
0.8752488949890452
0.9158789386129578
0.7904639667221738
0.811069812659478
0.834556097507448
0.7456335165113069
0.812916898150248
0.8617592631208454
0.8591416665169127
0.8892728481706291
0.8647565942478386
0.891990822915554
0.853697640259901
0.7665492196858266
0.817178117588826
0.7703669616144104
0.8030903941002987
0.8524585735467696
0.8585065959523743
0.813124339104089
0.6540295474484138
0.8131521574601365
0.8056279704711754
0.8319308380569059
0.7890775990499271
0.8213425250290709
0.8681889340608975
0.7863936510990879
0.8511839890958963
0.8311609528941427
0.7772044503088328
0.877782872312101
0.7737478071644605
0.8564691963297677
0.8493205877716422
0.8984741220048199
0.8677669699649475
0.8350546980915818
0.7660520708224596
0.8118700632828577
0.8032106844299306
0.8512143777439406
0.8196181228759352
0.7447257933196428
0.850243652419166
0.8476804478636835
0.8018059856996064
0.8453116731022265
0.8767483224416468
0.7948404614844091
0.8866048949106143
0.7841386306373511
0.7808611476180507
0.8664622468612861
0.8101808170101505
0.7448262785339034
0.8346686193524026
0.8242083533873961
0.7717061961471505
0.8353720081042533
0.8170168754150741
0.8236904317197459
0.8076976588637881
0.832669012390731
0.6538100499415106
0.8401242296509623
0.4224275954222101
0.8570418969520371
0.8267964787742461
0.757618648308262
0.8717800288049931
0.7959899219223776
0.7597568848502024
0.8055525346262323
0.8245485505386138
0.817136470527291
0.8105914488643448
0.8346200869491979
0.7993277120678598
0.8171447813824125
0.859241590782514
0.8361072141604899
0.8086236185787824
0.8680285288342233
0.9038449525841168
0.8069311805642116
0.8374669019108477
0.843520322546456
0.7504899775611126
0.774196701486517
0.7893917400957337
0.8492679350562279
0.8852919666471192
0.8081230919860443
0.7436347784632071
0.8318848479238413
0.8271899851579025
0.838577092393617
0.8699870036629155
0.8970950277177816
0.7776185177716771
0.8377024378868421
0.8070572115660632
0.8214335834364369
0.6985928817275493
0.7824173623076822
0.8469721217379481
0.7455192886297579
0.7959747313756187
0.8998661617825854
0.8792391017736714
0.8191506975600256
0.8361983235206107
0.8336720377515865
0.8542952055652129
0.7668398982622926
0.7898547466583529
0.7573383376918517
0.8593256481334866
0.8168029269789523
0.8190018513781834
0.8462143670127169
0.8418377717352244
0.8820007407501644
0.7701591399764349
0.854561440093935
0.7514163102199378
0.8449540789746789
0.7940259606787434
0.8009197384729031
0.8207179095908752
0.7595115840369027
0.7953613168598365
0.8246627313848915
0.867885743743767
0.7835104603411471
0.7575432294938141
0.8096457357078213
0.9210058185847712
0.8011868741450557
0.6992754334958577
0.9092637513376746
0.8463188610735624
0.8059945086514699
0.7828791806956514
0.8586798379517805
0.7836219982130661
0.813028243276604
0.8268177495806731
0.8157576499410357
0.8594890346686092
0.8652166795732865
0.8462316656512372
0.8400621408063962
0.7884593506252764
0.8560485989077362
0.819407207253385
0.8248974847945667
0.7727595160840988
0.8406843792833923
0.807942992524096
0.8044029017649752
0.8364626239063084
0.9009772457783178
0.8622641630016172
0.7954601068269862
0.930902622100613
0.8182201896088943
0.8044420174043617
0.8375781606197453
0.7823507088588814
0.8208104729595349
0.8737964444193735
0.8385628822439036
0.7868300215075492
0.7850703443320661
0.7857943022685319
0.8078905821856526
0.9538751403859741
0.826480550113707
0.8415768474165135
0.9100849461202779
0.832204835289279
0.802012733440673
0.8090771448805083
0.7879353730488563
0.81444822767148
0.8413076460006247
0.8143321922589813
0.7904942078408053
0.8580160637092187
0.8250343977891159
0.8162910357529981
0.7882930644295544
0.7953261044700692
0.8632721444325107
0.8877597951139304
0.8485349227287546
0.7909913346314912
0.8324597702211591
0.8371531877196754
0.8181265655922172
0.8079128592070539
0.7742352946032514
0.8157267416309657
0.7761247629210324
0.8524398114551005
0.8521759287194135
0.8512882615817646
0.8663607825179223
0.8921236646777874
0.8520830199362983
0.8414271535633178
0.8638701402834728
0.8655380224330189
0.8207505917574377
0.7939707951133574
0.8502481578417947
0.8498680173107015
0.8508674513161052
0.72940147677091
0.8014756486519123
0.8954935193001106
0.8710986559265136
0.8201714160986813
0.8513387818692975
0.7516803354454097
0.8103503660231951
0.8797267900701057
0.7254474273645581
0.7772405207106426
0.8404042711565958
0.8575796710933002
0.8673946632223292
0.8198087445045283
0.7662818539482094
0.8355882166588848
0.8689699378468527
0.8515932554573421
0.8042820816836528
0.8104087081988963
0.8431369599090631
0.7822547571283761
0.8431620652550602
0.7849201388280912
0.816957602036793
0.8429732105155234
0.8350099148083434
0.9027893793420566
0.7826989592312592
0.8081072711605767
0.8081920116656774
0.8072066318620221
0.8086478241464107
0.8082772012812018
0.8397495591650366
0.8271957443923036
0.8299674260771452
0.8505800398822405
0.7780715240354534
0.7984453635285401
0.43556347279157703
0.8731731112408971
0.8325309251686409
0.7936928806718796
0.8258962567641597
0.8187215486574246
0.8433710201336282
0.924057196673797
0.8646602977460478
0.7706984151668929
0.8434309582556933
0.820921700742302
0.7433777609218644
0.799891549163296
0.7938166398095023
0.8183970333889334
0.8113380252425673
0.8496677280132301
0.822555831246507
0.8243865386755523
0.7939052771580506
0.7923394254571553
0.7704788802134893
0.8266956759471951
0.8413247113744228
0.8193649922039685
0.7748919426111837
0.8405968307166723
0.8451058090357537
0.8220412978289308
0.9058868120563093
0.9212741571477018
0.7935721604316726
0.8611413073084041
0.9123435604580015
0.7931807217497002
0.818680103295975
0.8360426731496535
0.7618841875735995
0.9230696651859233
0.8224439762883332
0.6485191275852518
0.8127591738026645
0.826174156671959
0.84167479966646
0.7777027202832779
0.9019649137716819
0.8504659420612452
0.8586792893643083
0.7997544500128758
0.8130190910635636
0.7963937470446911
0.8071420130681503
0.8821750571071014
0.8620371943449102
0.7814020496760069
0.9482573999569454
0.854075527851275
0.8419307160396204
0.8025319296451863
0.7513192215877051
0.8133512832229759
0.7367853591671417
0.8088633899274523
0.8268959491365971
0.9297648182106472
0.9228895022108752
0.8477586538184578
0.8274398952102615
0.8388875588940251
0.8203827288890494
0.80199723449259
0.7876026718183416
0.8259419747891581
0.8271183952026857
0.7354066981425247
0.9250806306022058
0.8146705814558616
0.810024927931129
0.8049469833930524
0.8273276689372294
0.8063392135716686
0.9110738563368179
0.8413819923179963
0.8269412758711555
0.8547492222341724
0.8270988684469378
0.8718300226194771
0.8893118260808869
0.8315327508697855
0.7688620207430068
0.8057520712248779
0.869770200344479
0.9091494130069008
0.8669287157385984
0.8419131646328648
0.8905767649667292
0.8880525900994213
0.8102346486223232
0.8706846798552321
0.8475639976637807
0.8177311747696044
0.8598736085632929
0.8780825920180088
0.8569169145880464
0.7955512686531581
0.8337200893144394
0.812913459903245
0.8911086120249395
0.875084667995249
0.7930550396732614
0.8438698650234978
0.8273641791038567
0.88613052792801
0.8281958465629858
0.832312923678368
0.8756969404474274
0.8182934157101851
0.9051284675258372
0.8507513617831678
0.8395943747440605
0.8302575201029114
0.7785727418805376
0.8693949245365171
0.9339224607707433
0.9023304070358398
0.81952519806933
0.8028503540435422
0.805901206013906
0.874513616842814
0.8580939879894461
0.7587224445166643
0.846329915438893
0.8901410830515868
0.8684693939714532
0.8697022945793739
0.9487463932474799
0.8574244648685098
0.8148299878840531
0.8507114862755394
0.8508333252922506
0.8770319667497245
0.8341089911911382
0.9191837138910623
0.8650726523504356
0.8250609073901862
0.8018218679833573
0.8808088352469388
0.9045313511839308
0.9102789255797075
0.8445151862557374
0.8868841781229643
0.8941630793302825
0.829437978771319
0.8755765841340172
0.8203128369787095
0.8578730260383106
0.835671125532854
0.8332120819693786
0.914841010820167
0.8796230620776457
0.8702349927742188
0.9397633199689649
0.8191161104766572
0.8364277204789046
0.8338225237273366
0.900262232947886
0.7417731782005311
0.8566246614277951
0.8314672204985039
0.8380356271607022
0.8397428295479192
0.8468875344031149
0.8034673104091384
0.8982144507667934
0.7812190482074541
0.9090104829669536
0.9424413049516502
0.8222643589962377
0.8653121476296467
0.8312297956647965
0.8494440225228787
0.8181041762538733
0.8459271647648342
0.8237793478851981
0.8668558075848146
0.8618328873946612
0.8241726618039326
0.893851686004157
0.8415484139143787
0.8964454323035942
0.8228241055166194
0.9281606964501259
0.832834600621653
0.888256188573015
0.8257258295998142
0.8667631918550136
0.8192156721706099
0.8808543844780031
0.8272644769412063
0.9798346164770879
0.8959021883886117
0.8287796581303506
0.8812940072733803
0.8772808414389616
0.8240604052922551
0.9030615663226821
0.9323012393812651
0.8763484957176298
0.8490164347171468
0.8793669136009014
0.7842191325105343
0.8291051233477946
0.9137504527056154
0.8423250087073335
0.9011847714026382
0.8958581266758604
0.8879252383632595
0.8232844619479658
0.9006557500617217
0.8181399048986022
0.8158492869465355
0.9030657479948033
0.7992487820716137
0.9256825366910156
0.8113334235599443
0.831991007740109
0.8191771185098371
0.8577548066810615
0.8828411235007017
0.8856720775446117
0.7921885688605935
0.8277149021147546
0.8804168690682067
0.867950130466734
0.815554134081673
0.880890796304926
0.8885019924321615
0.8191447231164651
0.8937791799615127
0.9448127574532893
0.9011938888951668
0.9325428081031057
0.8308795084961753
0.8531907187081769
0.8868076002924989
0.9122473512175787
0.8485456080556397
0.8728431202359525
0.8902235808100247
0.9350122543563962
0.9187973778138065
0.8267578034317261
0.8272008892095776
0.8247621662412037
0.893029411565566
0.8496258034760437
0.785910877324856
0.860130919962462
0.8553023229140315
0.827801607707578
0.7775034647677822
0.9033560246162881
0.8748712898409708
0.8021265224390935
0.8721306246028717
0.9044694012513618
0.8550970932803116
0.9239260922229081
0.9478048005167649
0.8077148940754736
0.8610861966847616
0.8689202620122036
0.827925402887259
0.8486196445905002
0.8780211460512284
0.7958688865353655
0.831468358912166
0.9232382461462353
0.777731981059386
0.8543530240780902
0.8678098457704133
0.8231827697443587
0.8493238718748316
0.8489706423227481
0.9266923511314987
0.9058141103526903
0.8909095227140292
0.8199819819875429
0.9268350125047788
0.8688302542163328
0.8573622413814234
0.8328630990239806
0.8250318427065676
0.8799078317777512
0.8754801438567407
0.8844561554233455
0.8834022484604156
0.920081422949383
0.8593488778001368
0.681848228962163
0.8978025976395047
0.871011445231717
0.8876567042964939
0.8204185934956606
0.8945289323122468
0.9129350274400085
0.8998458454110835
0.9204312906814761
0.8312847286562798
0.8153683211512898
0.8775855824226064
0.8328580423877571
0.8750364025105016
0.9323010300981839
0.7777631786833389
0.867532204630557
0.8275197944073993
0.8455175060507939
0.9132906808213297
0.9427053196174364
0.8636608045744006
0.9368582401948943
0.9016943620284645
0.8564342984804694
0.8809041300360732
0.8507465419813965
0.8882803786957839
0.9346147285093127
0.8588020585700383
0.8968405288768401
0.7974595200401063
0.8791926893598623
0.8526170095369703
0.8505748049132303
0.9026024481522826
0.8294467438529775
0.9439434187350071
0.9109306847360255
0.9365368447335659
0.8379940310871065
0.8781480265387291
0.9119383779231115
0.8470910868437804
0.8938544710485224
0.8896224385369582
0.8816301828179477
0.8889944586246228
0.8901282415842942
0.8849871223867631
0.8635785333192622
0.7936609253204421
0.8942449417958312
0.935801995223758
0.8893053912678793
0.9197808263110742
0.8839954214322665
0.8643423513259902
0.888007030799819
0.8049820423035046
0.9012705496192553
0.8804986328076934
0.8638437409953562
0.8290333882744291
0.9239192112312985
0.9329496702295162
0.8454893415513067
0.7863701325406408
0.9131372470223662
0.8372835555963781
0.9288962041803384
0.9348498808198485
0.8839122938459756
0.9050439112827738
0.8762803804797039
0.8749143975420762
0.7991246335750603
0.8894791204929683
0.9390327078370784
0.8703025884488788
0.8548825890510228
0.8754919531594859
0.8673871821510741
0.8877193046781285
0.8974227178787153
0.9051061479628284
0.875351384373813
0.8630707213578469
0.8478031202532283
0.9171109668098207
0.8872402092208158
0.8506913211742286
0.9413022550258077
0.8603463279069934
0.885241044611395
0.9435691001649291
0.8819700565968694
0.8885614513886719
0.9146449062392117
0.925323027613827
0.8421224357547646
0.8766027197551592
0.7886918826137247
0.8154579822599113
0.8984566098868739
0.8597461109782223
0.8289020017709001
0.8583610796444064
0.8450724946671802
0.9318590845160443
0.7676670790243815
0.9076474833914351
0.8670866931480645
0.8985937106094423
0.9069233215833934
0.8024857137737333
0.890633598577316
0.9128823174299214
0.9387200633949849
0.8607356667305711
0.9040985802155117
0.8839175702167156
0.8946056088661919
0.8873589640282095
0.8570730533344934
0.8648032921102814
0.8452263676105318
0.8807742591028992
0.9459708037240213
0.8799679246375847
0.8650911443753101
0.8869523676934725
0.9183096015567037
0.9184087174774258
0.8700303458804628
0.8361322025037184
0.8599759140642326
0.9419574901524237
0.9374719941440118
0.9135736560058973
0.8338767429900706
0.8640674215956966
0.9165600856517417
0.846107302182499
0.9129414993985753
0.9614943025033702
0.8536377914853093
0.9739377296586403
0.8792901154578939
0.8206760023221309
0.9505384297717591
0.9167681412491117
0.9932264214077898
0.9215234892768841
0.8964610378834136
0.8988036296806665
0.8514320881458383
0.8952108920588792
0.8836330801480233
0.9276257806019035
0.863454805780009
0.7769267153218584
0.8921363407383528
0.8730426197760316
0.9562154005757435
0.8772415716780491
0.9089354369375655
0.9414855567208931
0.9255900876598337
0.8226623645958469
0.8649163028743039
0.8773677258276288
0.9050975216403447
0.9530801336573269
0.8530588853653975
0.8252214560393302
0.9802400470810838
0.936706871851606
0.8687409678732436
0.8622604785893967
0.936754494052648
0.8964601678517382
0.9540033871488275
0.9201131783153245
0.871723381596455
0.916595896910192
0.9120497813497112
0.8989052385502669
0.9301988378470355
0.9582052724033328
0.8468572924738216
0.8845513528818142
0.8391935594328448
0.9311856613145966
0.8016070408126156
0.8972620709483148
0.9374704450835343
0.9350942820404184
0.8292660688141386
0.7493035005268645
0.8110457486164254
0.9626587576667683
0.9939526407364757
0.8420849512104988
0.8916633751810252
0.9167293572798547
0.847093732105393
0.9329706076186968
0.8944989030722548
0.8579177199582089
0.8162631251082697
0.9432392186115143
0.9274529919612923
0.8935362671598569
0.9185326554782236
0.8900127068480008
0.9376190394484785
0.8900655634370813
0.90027814712535
0.8871710429118911
0.8537896925777939
0.9117326909022115
0.8874219708622313
0.8519638247678185
0.9588150363003057
0.8868524369148506
0.8758061361041317
0.8709702829335776
0.8447152523049092
0.8082764942385792
0.8749509551001369
0.9124306998962433
0.917222481300976
0.8520733834239155
0.9198386007594783
0.8791727132744926
0.883220684854267
0.924880679579969
0.8539941893709107
0.8729918829428398
0.85715146201881
0.9160782908884435
0.9109825266020084
0.8825561423263512
0.8615425317259133
0.9185926893536874
0.9405977321774461
0.8701617466265854
0.9786890842826359
0.949031726961843
0.870336122224098
0.9233980875091329
0.9049918829672787
0.9119690895081771
0.8609275504201422
0.9306642646363347
0.8948883003561494
0.8590515443689384
0.9023722670453563
0.9305993702777
0.908631775477811
0.8760953021489333
0.8408681761493443
0.9139126603881154
0.9148583118987096
0.9240359842391488
0.894388228587272
0.8524228089837035
0.9179369331493771
0.9542689895006965
0.916906423003867
0.8769911262436925
0.8898118013741297
0.8831452657354815
0.9321684464653195
0.8909779751101116
0.826335733810967
0.9201098744187501
0.8444252420188317
0.984069185939077
0.8612816374208688
0.8569288849858858
0.8840602376567162
0.8632106066378971
0.868571069415055
0.8648356104060206
0.9065269620587986
0.8886270219558426
0.8690729801564521
0.9370397748567545
0.8894820037148718
0.858279967940777
0.874658404369746
0.8428146075176474
0.8989755830313502
0.8949414812309349
0.9488453360485839
0.9716630999256001
0.7989412980605449
0.8927550731516517
0.8800887508244479
0.8676087472607411
0.9703673546589937
0.8640827186232201
0.9180435732402651
0.9035291963232035
0.8770866489091559
0.912681136520631
0.8677862330924009
0.9468231184642855
0.9229596133773766
0.9380006665408798
0.8742355938288464
0.9012408510671468
0.8187185101451847
0.8630829209359095
0.9008628342044477
0.9259751923537249
0.8989888208809603
0.955855425152627
0.8556615773838603
0.8547439217666247
0.9233214117917322
0.8301741781129817
0.8659879459022815
0.944520308475802
0.933340328380442
0.9128613651342167
0.8989534997476121
0.9097151079145851
0.9365190279497135
0.8530463935809655
0.9325131625201574
0.9286253451158291
0.8824204458521155
0.9102511996356009
0.9370132417318782
0.9082858753860238
0.7902336611750046
0.8525615311902351
0.8804450658845855
0.9868197896936066
0.911048330269243
0.9204820930050662
0.9083612586459319
0.917236490501206
0.9174869344744002
0.9807914454657043
0.8940039488783574
0.8859568972000168
0.8630823802041092
0.972380508647129
0.9800322882400696
0.9223014145481881
0.8662063136001544
0.8779715147516568
0.8500396845514288
0.9241939696003756
0.9457828424263583
0.9136439033735143
0.9031496616204892
0.8850409710874911
0.9345221711116825
0.9261078393493217
0.8999671544300315
0.9439338437584055
0.9471746379902154
0.942707822262605
1.0344704293707279
0.8565742581139644
0.9043993753599772
0.9314878397211462
0.9663180109621364
0.9114222289504033
0.8784502434452999
0.9618683962286073
0.9216416867680096
0.8870683708091298
0.8493005451155785
0.9541604870099099
0.8768247853773706
0.8992281882627124
0.9474969623545336
0.8875524734203606
0.9750067771780402
0.9324874091046682
0.9266810146164596
0.8850633889718931
0.8780609011622451
0.8729594835246054
0.90804845390237
0.9109446810177146
0.9094179887884615
0.9068372624993859
0.9144717746363674
0.8445628408761209
0.8849471058982812
0.959430242731217
0.8580489415791546
0.9053135700205894
0.8380847039108417
0.8552106643533501
0.9599323004164809
0.9365990810357797
0.9472498230054394
0.9418126379207806
0.9294460299319526
0.9450206613701888
1.0034499187028207
0.8496492088833124
0.9316763463042023
0.8933017311134283
0.8786690720878941
0.8939500865790015
0.986424726386026
0.83308683048768
0.9018116347717979
0.8698347405916084
0.890597911723177
0.7987321514276355
0.8741108496501295
0.8411075337892199
0.8749086495845784
0.8731010866756942
0.9866230218218499
0.880165388828258
0.9016002245154588
0.8699083271766334
0.8672745103192132
0.8540682218348173
0.9018601990942035
0.9228765960802483
0.8968758136655675
0.9606947089344597
0.9057411052304981
0.9607324246950382
0.8994036229791225
0.8924094779579492
0.9453864996233329
0.9235480644491625
0.9027143354678552
0.9105238151600561
0.886743238238197
0.851842945397355
0.928889695205555
0.9074887897202429
0.9342892810126544
0.910501104793097
0.9064309453062116
0.9122528835500174
0.9328334403993477
0.9287790592298436
0.9405918697471177
0.9168174639917849
0.9888007319685833
0.9069212408386264
0.9358789920845036
0.8580345855257311
0.9844953880981346
0.8678796008118022
1.0196173418033512
0.9320673245506411
0.86532738169808
0.8001544775327432
0.9276969346722775
0.9302946445438016
0.9060602110743351
0.9000151251071571
0.9589516643214
0.8859627230916806
0.865033887915588
0.8398097047505709
0.9146067945033028
0.8782650338331827
0.7994356965969631
0.8786294551183713
0.9214280700556431
0.9384955035179523
0.9274702272546862
0.8707378812115003
0.914251273154815
0.8693224857036407
0.8806584003828285
0.9197398721602621
0.8961774683880187
0.9279923963274641
0.9292796958650924
0.8966336816503029
0.9804515117269013
0.8621293949831799
0.8213986490043281
0.8689216673886346
0.8750385348811994
0.9145013621585334
0.882561145391554
0.9280996077864995
0.8687298806657929
0.9534239713282879
0.9005705991264502
0.8159912026031135
0.8578013110681164
0.973997747199263
0.9201008563460609
0.9318998322390897
0.862160674792167
0.8402303030698446
0.8481169506675184
0.875564714277536
0.9582455078021141
0.9436737753602126
0.9561705466022833
0.9273513945285935
0.8942487863052331
0.8870610562783332
0.9103043327885847
0.9270030158764474
0.8672712266383962
0.7954812015529168
0.9319776245501783
0.9213357900254329
0.886410129065081
0.9460738744591431
0.9996291886500378
0.8996060500611311
0.9761434832302389
0.9640827750830809
0.8763755306915414
0.879773123506542
0.9193071683309101
0.8830409653383814
0.9339708101133612
0.9685477201443057
0.9661856599048747
0.9178441466991016
0.8514500828307299
0.9261231921101858
0.8698461909829587
0.9676537235855122
0.8737045474478902
0.9111613427586162
0.9102655748792243
0.8369639917158768
0.9930489747173766
0.8907506748991529
0.8684283486618827
0.8884685434295938
0.9140962704214444
0.8553472160844733
0.9339350901209509
0.9024781541868695
0.898094030162106
0.9345655459015462
0.8962364021973437
0.8328045019630945
0.9355945473314153
0.8799665677455563
0.9402251540561506
0.8717736361522004
0.9969396074156956
0.9271794812599274
0.8047638464487159
0.863539501829833
0.9366752861942043
0.9462526714605703
0.9114844229003041
0.963469262864168
0.8595601586610071
0.8897859756680085
0.8885836083215194
0.8381337615193429
0.8678224190674978
0.9199437364218859
0.8390129454178126
0.9708990511032198
0.8638375918775185
0.9543624985576274
0.9303352149186137
0.9496033069697456
0.9610762092605374
0.847912028737683
0.8198443363236196
0.9332167145213683
0.9561401632021029
0.8823936818798407
0.8840488096012116
0.9272592472185113
0.9470818785750879
0.9999322375236692
0.9447114329151783
0.9656509854333192
0.8636823933437394
0.9394141059219483
0.9098540003530007
0.8662201938840463
0.9100880759199375
0.9161862966765759
0.9435296609597249
0.9492515764901254
0.910578473378449
0.9094649720042709
0.916543837401469
0.8560537067765123
0.9395674827990708
0.9227288701257461
0.9429211764650601
0.8525232672626605
0.8494924854466412
0.9219013981007487
0.7922450921488553
0.9847403925345112
0.9214411866528818
0.9190835334487321
0.8621310811064176
0.9566212002360132
0.9806569333042827
0.9396571039842329
0.8797275287371921
0.904444190761589
0.9364179817745494
0.8310353726750193
0.8911262485350988
0.8672298679338404
0.9086581872391688
0.8868483646206847
0.8850782208161976
0.9575211832581931
0.8710906137514102
0.8970616151819606
0.933828685474155
0.9121927821910469
0.8398512470887654
0.95309629453945
0.8705614298319707
0.9032917699784456
0.881893807793731
0.9099235834937558
0.9250875091735508
0.8709207456810252
0.8869600684033807
0.9139559031851898
0.9191013872940959
0.9657560187096502
0.9727246568464123
0.8649491125566088
0.8658107629790476
0.9881064199600128
0.8975648710891856
0.9568910716787218
0.8931707523151552
0.9191496290804533
0.9919954958262
1.0030554525740278
0.8471201129847866
0.8662725861017716
0.8678588205523522
0.896650677812988
0.8576042532365545
0.9451855883020217
1.0143206112596854
0.8795321221468169
0.853683708966976
0.834718969888831
0.8963671073541286
0.963024306039178
0.8724627837741205
0.8857354205863591
0.8529198845004033
0.882994959424021
0.9508057207595427
0.9343994949848204
0.9483051150304956
1.0378964988660482
0.9036851288251886
0.9455364234683514
0.9177716416286367
0.885042465527961
0.9221542542396559
0.9336535063126353
0.8413567130619382
0.9083040310390262
0.9743186742163381
0.9092553080401453
0.910390647993644
0.8843050484335133
0.954682578319566
0.9705457861674447
0.8883132993793976
0.8750642319927278
0.8992783559153126
0.9058930977571821
0.8693594804797432
0.9544823804524087
0.9515837657904969
0.8537358466819642
0.9504700348239086
0.9650809674165557
0.9013098547161668
0.8568016661842826
0.8785666959359419
0.8315455749255946
0.9527500084454762
0.8582902581595901
0.8949350885999008
0.9165775451927284
0.9611031673692173
0.8648426109126963
0.9478997890761962
0.8754374067668206
0.8869004090066844
0.8122279770288178
0.960824105627084
0.8168784256954125
0.8344347118668094
0.9377112848487519
0.9461836101652215
0.938424121085684
0.8881086325125528
0.9386633702045913
0.8687691592996412
0.9443693013702003
0.7954077969092651
0.9128828830495825
0.926463725461836
0.9124807652057599
0.9406239251204881
0.9245495819046423
0.9435990436025845
0.8756986058779949
0.9423592194125644
0.8710183719253737
0.9289379036460925
0.8906217864006054
0.999146298064198
0.9240128007327748
0.9739126482113261
0.9038045189200375
0.9636781339674899
0.9489290871384942
0.9468126681366085
0.9067342033250455
0.9491675486016175
0.900760123840518
0.9677821541039049
0.8853194924768326
0.9468759286356248
0.8715009884355112
0.9714478842844168
0.9162170518296788
0.9099164389255152
0.9871633868442415
0.9820060500956563
0.9547893288545799
0.8852524807851267
0.8586726661511194
0.9053573646234037
0.9463103244809216
0.9546572089146489
0.927240402429691
0.9292063317083996
0.8664623157478124
0.9092216412075949
0.8850848673546708
0.8871227787476915
0.9626107858427455
0.9267261453977748
0.9097363222263716
0.8809926923845548
0.9442648735624862
0.9106310055517829
0.8812725032856327
0.9103404020581097
0.9355421849586085
0.93627710163448
0.9391899807389521
1.0202430002137604
0.8520986597988431
0.8901922329541927
0.9410773276575986
0.9775891345217498
0.9180243581417483
1.0030246432329366
0.9665145516644429
0.985453031409651
0.9939166561027603
0.8492768984851053
0.86241462995355
0.8826019799281265
0.9079175089074683
0.8827960590162323
0.9080596301047564
0.9248420672902317
0.924495481556689
0.8318830428160708
0.8966081012094332
0.9756587510912506
1.0392286660147738
0.9163532895959491
0.937161764938359
0.9704254673824327
0.9195718946662051
0.8658017292706747
0.875096757751264
0.9201957645245922
0.9969621014910114
0.9816569319150981
0.9187576512802502
0.9316657549406013
0.9047267115130427
0.9531834218138272
0.8487138179962157
0.9298674084301608
0.960476526503199
0.9334264032559764
0.9538451860120181
0.8903287212690998
0.9467352333639207
0.9331806204785393
0.8973905116830867
0.9106028253165169
0.8728207783023899
0.9725286557056513
0.8674712952735415
0.8857585055312212
0.8877378965019123
0.8793690020211407
0.9161215709335024
0.8842097097146133
0.8702872562687562
0.9730713527163655
0.9367231759035547
0.9502406354890598
0.934442398001904
0.9493815746912547
0.898916400734551
0.9216118989496134
0.8757473205253948
0.9136025064077348
0.9095353824042345
0.9357211239690159
0.953353602786089
0.9016945405538591
0.8797606134647636
0.8927099599279131
0.9478767131487089
0.9164683492885801
0.8723459169546505
0.906721827639659
0.9042938622652624
0.8362651345192221
0.9546568104682178
0.9137881310777275
0.9133432425654727
0.8780195820551707
0.8533585497922228
0.9895935840252923
0.9035598948623943
0.9304533788695273
0.8362543147688413
0.9633889941137679
0.9832726379778767
0.9615302897081551
0.9242615994562322
0.8970534970853308
0.9220498525528092
0.9104835709096203
0.8941619244410783
0.9420024870273205
0.9040663388149073
1.01374053224957
0.9449187625071845
0.8268737063500956
0.9353131448486964
0.9264914168940935
0.8992094855230811
0.8888751011579745
0.8843309602608692
0.9242214370086144
0.8941036769560666
0.8594128428393706
0.8900890161101627
0.966018238451214
0.978726826956757
0.8523353497959111
0.8939128252700789
0.9402527221034097
0.871674073224188
0.9486207098228908
0.909719097801928
0.9669891585088943
0.9399615948632007
0.8341170227106954
0.8442689570776084
0.9366700557930837
0.8655632280026078
0.8984400712521703
0.9322264326146903
0.9412518303437708
0.9913324229010488
0.9416767899183874
0.9235023732366311
0.8368881278177703
0.938985313906638
0.9140056520608757
0.9099329498618144
0.862475293037011
0.9016158936854636
0.9155875340721563
0.9388835382689295
0.9653149981125493
0.9239525411286438
0.8757784189034175
0.8738363146225072
0.8368279372549533
0.9419179957029518
0.9391954926430172
0.9274165423343927
0.8884965726558103
0.9272139063848106
0.9966778241612615
0.8765819519513492
0.8920454169866205
0.9354387949634331
0.9241723634957124
0.8924025612280126
0.9147171636399118
0.8662521792956858
0.96418089895386
0.8559888777188994
0.907894016053817
0.934967634672362
0.9687422013573683
0.9033932268978209
0.8712317121500315
0.9222276467249152
0.9087451002563119
0.9308010275105002
0.938328577085235
0.9070697800510759
0.9209675966855241
0.9024735446576028
0.9279852467295638
0.9122345234558009
0.8893472473286101
0.8609171778118513
0.8579944639891033
0.8794345679205463
0.8972651507219918
0.8586636244028727
0.927128974203832
0.9458063544289601
0.9154501510050718
0.9402398821048732
0.9634923266764275
0.9745609548793688
0.8702023535215688
0.9423758628938996
0.9034896434234215
0.9085916977234604
0.9382320003633075
0.9038480075395801
0.8597289334242016
0.9619032125784722
0.8697715044122839
0.8998044588255277
0.8981454124394466
0.9329976292777233
0.9237502173378266
0.8701008079807514
0.8451387388356372
0.8951878195530432
0.9139909792974137
0.8651819865118778
0.9086952783719695
0.9255807601516466
0.9348559472544432
1.0215001636219698
0.9286895687345373
0.9484681619800516
0.9228657874090366
0.8780902722905997
0.9717659575905269
0.9395992275082641
0.8874599856977468
0.8930659163806037
0.9687031502461797
0.850281303339581
0.8832464146781942
0.8793378745710261
0.8401441770311491
0.9688112868498625
0.8237164566864607
0.9061007357742219
0.8657167515767857
0.9087675874405562
0.9238201887074418
0.9074354586459803
0.8467118775120208
0.9591205604310142
0.972512553585403
0.9250804253276109
0.900929970135141
0.8990635789669218
0.9727411091327954
0.9069030322229249
0.9158221725583726
0.9233513450244101
0.957115682530491
0.902414308950179
0.9899210927481487
0.9375479154258654
0.9018634696253834
0.893115642199793
0.9055561323008737
0.9791665633312103
0.9486356256657513
0.91127139717165
0.863924393457448
0.9334544139630295
0.9101194912285901
0.9470804960137279
0.8799458506468415
0.9186784628146332
0.9302719400511195
0.8658545053969976
0.911888381635204
0.9207920326985722
0.9145113431721084
0.9538088571009278
0.9559531409920069
0.9145319707929712
0.9144505920311055
0.9337231860254264
0.8653204750918246
0.8343740466520341
0.8959609535556912
0.8953783572815867
0.940591177042687
0.826438457571937
0.8992394043756349
0.8660233431821988
0.9242061059839669
0.9162396281850806
0.9269146443087332
0.8863166432614483
0.8754071014319311
0.98845727288639
0.9864038164156922
0.9184155706308849
0.9087972100456949
0.8883825242252774
0.8664471280883314
0.8547361502542038
0.891797743316643
0.8926348186369457
0.8856077989661517
0.9067607782850173
0.9056071246939383
1.021109579712642
0.8662601513223193
0.8764933024150756
0.8743352999382488
0.8406462424011233
0.9255890227286763
0.866034201602612
0.8956896582339111
0.9494612143678179
0.9455349696853139
0.8759822672214843
0.9158303648431679
0.9179418048276491
0.9430839219455576
0.944661752864433
1.0016214835482649
0.8765245033596903
0.9318280314889253
0.9224626515844021
0.8566701247440321
0.8856590916867944
0.9539860352525067
0.929811621203251
0.9042275650287884
0.9821318182223782
0.9253787891488722
0.9605165229887911
0.9040618890152687
0.8897282208929983
0.9090003054395663
0.9806488112913264
0.9022867377945889
0.9208550642309218
0.9508147847969275
0.9411719709409468
0.9720102681178111
0.9150438491519353
0.9323397042939391
0.9799947757612808
0.9826935171596056
0.8932503732262141
0.9756477281756614
0.9126548344322685
0.9546924790791479
0.9468133174045548
0.8519820392188255
0.8592378498053354
0.89408866645395
0.9015662749562725
0.953148792963158
0.9481265925189367
0.9437749326597079
0.8948753117457066
0.9772434543332085
0.950475972815554
0.925420134424089
0.8972943596891896
1.0027944332653536
0.9682271449397298
0.9114514187900886
0.8853828245151221
0.9483898596872128
0.8927529717127037
0.8475874301098789
0.9752667080808327
0.9403867487331752
0.9312342092295868
0.8708973802522866
0.9395949823592296
0.8869138160979742
0.8847511032091933
0.9882438540366297
0.9603300014363112
0.91920508292538
0.9081565042990856
0.9104798473369051
0.9263706099856276
0.9282461982130097
0.8811989131781125
0.8831024255975922
0.9712560422220294
0.911917485214533
0.9338789081903365
0.89617333269292
0.9213822796436809
1.018930156194658
0.9074281601011993
0.9331056667727632
0.8375306090166648
0.974432864640596
0.8846532988791768
0.9655261727848548
0.8343295862177391
0.9455579218015039
0.9169074148581832
0.9602567659823242
0.9059025838493983
0.999466512747294
0.9412511533378376
0.9565609693099485
0.8700647870501079
0.8803648934380728
0.9433159009495294
0.9435204744257528
0.9255627193986764
0.9681596281083851
0.886014285196147
0.8860199270848336
0.8835741874161329
0.8945393495880201
0.9105352500182478
0.8889577298667197
0.9758377608409854
0.9024791832800855
0.9989645617232402
0.9177965905393505
0.8121207678882159
0.9781032040059994
0.9004242168467937
0.9564122527163774
0.9557541128448694
0.9017201292532123
0.9264917702914859
0.9565521529906336
0.8516798401576249
0.9168010664744249
0.9463681815454859
0.9771653370187467
0.8856541117815663
0.9470827255735005
0.9489067566357565
0.9427857324601469
0.9010211110039331
0.9422739805802609
0.9283176476703277
0.9161186882179356
0.9760765977932678
0.9027535646272271
0.947864427394582
0.8357627487446069
0.8902480371287402
0.8348614880448133
0.8928801632440169
0.9406648216784759
0.9263595175699951
0.8730028343510498
0.9870412982861521
0.9762843111904439
0.9594850393616733
0.9380983046603605
0.8911477818424816
0.8563830634035873
0.8618861692665297
0.8965545767739604
0.906169875558464
0.8913688930566931
0.8914560795991363
0.9432492836877004
0.8837749312973742
0.9599802354053824
0.9064106206720703
0.7960126322044836
0.86315656261768
0.8912907305245358
0.9440336988068214
0.9159588289410568
0.9067889131199878
0.929844165742656
0.9048127294652737
1.0052415494060896
0.9549792267226372
0.9028936477655555
0.8606687413208135
0.9037741650573822
0.9198581734634582
0.9303238242286106
0.9271068370566227
0.962767569634083
0.8990159626898553
0.9814783336776955
0.9426849265447859
0.9173167790595365
0.9077596670318375
0.9153116849430026
0.9525005038333398
0.9039570336438985
0.9000575612781821
0.8749798072241024
0.9610902524059609
0.8985056886653131
0.8701786344202788
0.9356129200644295
1.0027073772099913
0.8811514173222341
0.929703102251937
0.959054924548587
0.9161422216833458
0.9046365989120011
0.8413127772435635
0.8981896634676712
0.921272719703718
0.8829391877268457
0.8999314836368333
0.9471223144804187
0.9478348063035051
0.9359455938177249
0.9384869289745722
0.9335204974988522
0.9223118899224318
0.8954133994496636
0.9248833882558767
0.8920978492089526
0.908319889473924
0.8934294568526249
0.9710706532216079
0.9108698495141819
0.8969050767088766
0.8909969903898689
0.9757504989561951
0.9222676793233107
0.8679222094809489
0.9268523344080434
0.9132623583713471
0.9737260701888945
0.9738647533147735
0.9303323000480496
0.9174454118658656
0.9143809342345017
0.9922389700470697
1.0132909152808338
0.9671016559796528
0.8849463040017713
0.9177750438063278
0.8747509511670588
0.918861398962958
0.8400554956861934
0.8828045063094587
0.9419304731681478
0.9322203601412311
0.929568500648807
0.7985890131447149
0.9781720873710288
0.9037873691483735
0.8555017302344069
0.9309381801898503
0.8624435001673533
0.8557061761119199
0.9380124718620886
0.9181632855595977
0.8812480689265265
0.9829400762380907
0.8584590235849274
0.9550398091288154
0.9596317245972829
0.9256043247695325
0.91244416462156
0.8871736144646307
0.9594563091582726
0.9498865496541572
0.9645087911874801
0.9925588726492102
0.8961086556613105
0.8589695630525105
0.9188324221145378
0.9228675879892452
0.9073999512254688
0.9524432714797962
0.8638807008804603
0.8776833513663471
0.8761645575603523
0.9065360996131194
0.9301964315288707
0.8667712645320998
0.8826407537039159
0.9173044216808975
0.8951499884485821
0.9898270640582704
0.908424527663813
0.9989563416589629
0.8894643755114513
0.9616543764527975
0.8592653024015336
0.9424878472892307
0.9750424714504281
0.916659106918239
0.9439103360576381
0.934997122726645
0.9266743088712094
0.8979191034460547
0.9388384410298425
0.932238572958533
0.9037505257814195
0.8440993756321171
0.8821127685565299
0.9790416896316714
0.9606814720527028
0.8729588796899256
0.9150568852218866
0.9348873214797433
0.9969590566774862
0.8687822528159439
0.8564457849790378
0.920663302747297
0.905695804540481
0.9207876239458407
0.869892693708362
0.80505549355826
0.9131380413852787
0.971484640347674
0.9225777796606098
0.9384414915642108
0.9492134072411867
0.8589648596526995
0.9613466773601479
0.9388873484413601
0.9359378001714869
0.9051104869065743
0.9778667712993327
0.8729988233412559
0.8680387000866457
0.8754667033248524
0.8866513852362111
0.8899438919924034
0.8541762776616815
0.9670149773866142
1.0155804000708428
0.9198359606663313
0.8763787311863386
0.9502029032562207
0.939927072382817
0.8712936710964378
0.9514666704054802
0.8967639525347761
0.9389022073657874
0.9178574663599056
0.9419061296845792
0.900846951093535
0.9294328701374303
0.8851107638384539
0.9374897874412731
0.8628883589501086
0.9327729116194009
1.0023262797103476
0.862299161864923
0.8416710117639078
0.858992128318345
0.9220672828982565
0.9367298299974299
0.8857600122396797
0.9819087937339358
0.8441789413743225
0.8619779643214102
0.8929744491919808
0.9550587439180679
0.9313363529228901
0.8894111962611103
0.9526539808638242
0.9197014148305096
0.9278335806641966
0.8523050070362648
0.9149806946460638
0.9257111093576437
0.9609661539966161
0.8704390178089053
1.0155054512591986
0.9463072908397713
0.9460057152779119
0.9257384221513646
0.9128959480246599
0.9334172414143289
0.9460098358613711
0.8683149867756578
0.9622591435106462
0.9362929165028929
0.997650300151561
0.9873070060632595
0.9464053298299187
0.9375861371585992
0.8840666186885822
0.9297190091678486
0.9191239656198353
0.9184852539806541
0.9474100558590797
0.9584383328197202
0.9178663981688184
0.8555442824748729
0.9364021643167396
0.8936551233399607
0.982595300663967
0.9227972500111933
0.9331373020675883
0.8868521958354117
0.8506015661289357
0.8577652442670326
0.9382984255754868
0.9992147037885988
0.8377299095286355
0.872558383993861
0.9586323330044765
0.950148618029929
0.8487155670261874
0.8537128922696873
0.8548389664992316
0.9204223233329877
0.8827735357833135
0.9417996084558758
0.9030413219155822
0.9213575481540319
0.8715060047958114
0.9299526502867455
0.95341831128956
0.8853422309972023
0.9240985269799917
0.8940480711681461
0.9296906230899923
0.9161723054817442
0.9269788992213817
0.9276731900081813
0.8652000308812859
0.8917692719395238
0.8921778343691658
0.9378990158476997
0.9220729905317463
0.829275175470421
0.9273423310897303
0.9054679693808968
0.9044936126730965
0.9198236742030143
0.9530457707445505
0.9934357796440962
0.9271685661508361
0.9406884141559111
0.8542719132375987
0.8586599092314288
0.918554009184156
0.9078976299137264
0.9578455045504332
0.8992761620331797
0.9032723719681119
0.8670883468999863
0.9387700468956801
0.8833059048922249
0.942387289410147
0.842664335180052
0.9212410129093542
0.9515171459366151
0.8821960295705144
0.9278494932375645
0.9279298410644524
0.8879830446397099
0.9034755501420608
0.9126144245120814
0.8656460638829288
0.9523803165785885
0.870992524697416
0.9484346036540293
0.9885033242280166
0.9017108692724887
0.9206361513357656
0.9773603439157051
0.8815718453229259
0.9217448834518035
0.9406071816877749
0.9577249344492217
0.8384298321615532
0.9698096778147473
0.8687265150908887
0.9280313931450692
0.852974644259926
0.8598568482274476
0.9667007539657647
0.9366616722800306
0.8827373523356643
0.9052368716922741
0.9979594287828061
0.8868953342629776
0.8853184987479653
0.9746543535069152
0.8809288109204106
0.9249534342343803
0.8877397861982574
0.9455155879258226
0.9109738240569637
0.8630020317788257
0.8938523802964307
0.9918381649158675
0.8770065739122744
0.8726054300027609
0.9159068150576459
0.8878313911223255
0.9495633179249279
0.944347501727003
0.9359094430865945
0.8867030567879546
0.9532612956859704
1.0181143761631282
0.9576437616890295
0.926197171251559
0.9023482789105466
0.9379413651638036
0.9625512055913642
0.9500537241049339
0.9072935962475389
0.9288870822866306
0.9330262993709864
0.9641205821419024
0.9342335110105486
0.8751443160246726
0.9368740916346694
0.8995257751966325
1.0025479225200447
1.0420737907834703
0.8994474676990816
0.96274839248802
0.9081095076958811
1.0026747718294409
0.9262589253245516
0.9431297372556063
0.9448927289507253
0.8814716390787387
0.9566863264661833
0.9229116445734219
0.9792821224204508
0.8488190631655743
0.8938207614041007
0.964547279355698
0.9317013003482258
1.0125633534763405
0.8941369309787213
0.9341995978126816
0.9330909771602965
0.9977883984068626
0.9316411611430127
0.8947234417105286
0.8611316283724685
0.9392036231816075
0.9305662866032609
0.9028056514410627
0.9083935735880899
0.8953322809661816
1.039127376882917
0.9762045365628144
0.8813055567077687
0.963485400131448
0.9361093263553377
0.9418773242606527
0.846305898692608
0.9342309289553578
0.8656028674324107
0.932470629970448
0.9241026922893397
0.9309624967687264
0.8748633204221343
0.942458379676686
0.9077172726752053
0.929954611972414
0.959062353499325
0.9258467079061785
0.9183647534366752
0.9053660233217433
0.8893620723320476
0.9229247978621731
0.9250318061745557
0.868787937528107
0.9180936377131473
0.861462050575866
0.9605898574948244
0.8254999841819908
0.906854342669068
0.8902022782949712
0.9243730493183495
0.8676371028902543
0.9202420391288724
0.8260673815025026
0.8953487327347178
0.9198116462796919
0.8568470854384029
0.9433229712945346
0.9569672408491317
0.9546385256964851
0.9784713878185229
0.8717062039931074
0.88857163811664
0.8714807130580458
0.8882215574812052
0.9328334393101037
0.8647238938782027
0.9142101992074025
0.9975513799122459
0.960791024816042
0.9837819859990764
0.8941939684124061
0.9669294240805765
0.9240679753987173
0.9533854538894726
0.967994473111909
0.930104134277864
0.8945296232217992
0.9543367611876485
0.8563739986021216
0.8161465770015034
0.9333412611414497
0.9218105007726042
0.9431099173753023
0.9505092673219661
0.9436279975866653
0.9599895003196895
0.8876651854980175
0.9285671295267428
0.9697073174665917
0.8607948870804244
0.9258240497390806
0.9901230944597105
0.9194929708153219
0.9171442912783245
0.9356068732261311
0.8852373880345
0.8764906976868335
0.9122530082062863
0.9779631324522122
0.9200020177317101
0.9657540457298823
0.8696458540740608
0.9637735735116765
0.9639335423971598
1.0147074885960747
0.8615104957005644
0.8983790131905894
0.8968678398471552
0.9365326044945302
0.9208093918213189
0.9071228679268825
0.901769736531086
0.8188670718091398
0.9301584941556627
0.9311730708994798
0.9317934624226277
0.9370294175733491
0.8732055628286214
0.9242182287922539
0.8483536252971385
0.917952715733307
0.9145293695287985
0.8950728810614321
0.9021062200153123
0.9062987288894804
0.8555672479036183
0.9399674257980172
0.8793595244861763
0.9568029920583007
0.9526416781553092
0.9048490351399869
0.848750478602925
0.9069328129823726
0.8945008934002074
0.9156356545787316
0.8879462239267417
0.8863199311495956
0.9207447160211595
1.0157347234092422
0.9678363290351175
0.9578807781652102
0.8581056629214231
0.939493367050561
0.9204524441424417
0.9090760340371508
0.8876864717938827
0.9476724906338047
0.8967908652853603
0.787956691414081
0.8981367587062072
0.8912979596574825
0.8848323883472627
0.9359554701127136
0.8662441330256538
0.9653451653186773
0.9433888093519172
0.8887484173432105
0.8764267279703402
0.9099714016701727
0.8522368187709769
0.9296132072114871
0.860194004344075
0.849455014701589
0.9524023440049139
0.9728099120870948
0.9441123968044838
0.8983895473702228
0.9312711840134635
0.9301164193685221
0.9402157527934604
0.9111842186195793
0.8489045490356859
0.9047226198088104
0.8934154412054103
0.9835091053666728
0.9492519791366129
0.8209388686219974
0.8240277100661307
0.9361961433013035
0.8761974081784327
0.8826078713471217
0.8620935218458482
0.8139292640579642
0.8709407580466512
0.8597528124011063
0.9344429417561921
0.8677354360613468
0.8607675085306076
0.9225734703353442
0.9133916050995025
0.8944581952755225
0.8250334503377191
0.8160305845130926
0.8865367139580977
0.8949612353983318
0.876290925703305
0.9355191624085827
0.8984868847170008
0.9396386053795898
0.8854106821303234
0.9096662107576761
0.8022990985642706
0.9376264647288596
0.9425391477312735
0.9893580700091599
0.9230240254934742
0.9286679340638377
0.9217246673462764
0.9174306969883926
0.8797828128254186
1.0718577676992411
0.8867948172873709
0.9527392966830568
0.9742668028794199
0.9260448023557671
0.9771017367003877
0.9105914203659728
0.8981095113894411
0.9286018463848402
0.9006241517013556
0.8558769598976218
0.9364682395374541
1.0031433888263637
0.9710475353801273
0.8455341508832032
0.9498642963887802
0.8810706812798765
0.9103510550010697
0.9208804326851754
0.9485340972137356
0.8904208198359337
0.9273417412758673
0.9311212895779372
0.881447078183532
0.902872000654831
1.0450378427900948
0.9897359450783522
0.898647760677248
0.8618065879401352
0.8994591803032936
0.9260980576507654
0.9908635446774944
0.9690044661887943
0.8884624453516687
0.9377714615152841
0.9007824784735563
0.9165005068962563
0.9972426390896838
0.9128988838369491
0.9004035428886055
0.9321413692721335
0.9763319114089329
0.9469085354677623
0.8696775497702124
0.9647251601086059
0.9683752440736906
0.9175279954852977
0.8713412282229533
0.887107182776532
0.9412507027635686
0.9540288821343389
0.9804196465315203
0.8650402535332592
0.8563895976812587
0.9282030386389749
0.9593200900743041
0.8714717944769695
0.8980986114858108
0.9020544691428313
0.8540019286314677
0.896081591186855
0.9103523010331055
0.8802036839842757
0.8910620917134194
0.9070265477846631
0.9692931039273476
0.8639051240688269
0.8970997430608129
0.8933798609757317
0.9241998739087611
0.9167027138537384
0.9194744741688949
0.8600493533622228
0.9335508172208986
0.9547278222131512
0.8889345252743441
0.9405679473008058
0.9304663993297304
0.9152497743583625
0.8947877280137673
0.9252674377510907
0.8968816692689714
0.899443408380022
0.8980489522210743
0.9232911155554299
0.9736293220799587
0.9038093771611146
1.012342070834294
0.9134067610766936
0.8461920215563983
0.9151936928283718
0.8700542158145745
0.9154580409387345
0.9327241437849969
0.8963583123631736
0.8843575962946663
0.9694098800261407
0.8971486611811768
0.9490158983147658
0.8875540960304908
0.9366929738901023
0.8653310121773864
0.9890667765893977
0.8668237102340312
0.9091353707331782
0.9033705751802272
0.9956637853607748
0.9006008041744833
0.9688929635891275
0.9293277856504871
0.892171049230205
0.9377123313266578
0.8532814446739139
0.9082378013285758
0.9475268229958667
0.9274707438052583
0.9333843325192325
0.8763186005121384
0.9620943240823406
0.9337163568577694
0.929762378712461
0.8705067670993706
0.9083277700066255
0.999391435164313
0.8884355480770173
0.921684300015907
0.8885293756561985
0.8717891012576274
0.9607427740079874
0.8528564240914936
0.9472901266799331
0.8975422364877494
0.8624058183232551
0.884073775324647
0.9494088844960875
0.9796573871137048
0.8614529376495353
0.9531804919941311
0.8987704688086411
0.9844948908117342
0.8919963056168763
0.8767877989476285
0.9067781651886672
0.9476671424213916
0.8716111295951124
0.9985964217431296
0.9375515091068259
0.9210022772393622
0.8582197558275779
1.0167632986704873
0.8753558092741204
0.8426754857341773
0.9212533771767585
0.9377330979161872
0.8954793611348079
0.8978566886759545
0.852670197402953
0.9390207358489965
0.943294992679434
0.94683096156447
0.8814753556208813
0.9333982843973644
0.9141043451168092
0.865348676433837
0.8660196638789436
0.9300566364987907
0.8718190529303909
0.9716606440948465
0.8909206866905547
0.9130002456458528
0.9284609505721889
0.8664970737712142
0.800577626865019
0.9214592717188226
0.9234555827921976
0.9023290652736838
0.892237435702427
0.8997878464097852
0.8860526776708597
0.9207700599251505
0.8763986697011057
0.9435772779582569
0.9145624644603281
1.0008891859414735
0.9427930115263058
0.9200178764605152
0.9240710855781757
0.9646682847883881
0.9490315615146125
0.9728802269721587
0.9205581212193727
0.947640364493885
0.9206563887598268
0.9817864274023442
0.8833812564347632
0.8391212792655066
0.8774536817019235
0.9132582141728374
0.8764079713200246
0.9469644626145338
0.9408451451593949
0.867159680765005
0.9102851268180743
0.8200685300303869
0.9491302370863816
0.8645452236475244
0.9438470614262352
0.852152408765975
0.8356320933179414
0.9336682445442799
0.9093120145407211
0.9882210632655832
0.9281384490822171
0.9020121234912037
0.9335322284877225
0.929158194301118
0.969406534554274
0.9433915802316195
0.923384756954557
0.8909793135067023
0.9315574518922427
0.9862684674332362
0.9046687777145236
0.9417125836524954
0.9671868325634995
0.935301060100187
0.9683880910109018
0.889137576428756
0.9358307157093502
0.9286400101337835
0.9876060135957454
0.9086597026442188
0.9525215393408932
0.8675877546727339
0.8590267095615957
0.9247882219572071
0.9974656721824302
0.9776298391284851
0.8544668232711329
0.8954052753871717
0.9290122205229997
0.9543511257547428
0.8653824508480169
0.9645535976833833
1.0316880534867885
0.8502889977528103
0.9804076666856197
0.9031735837787587
0.9257169240174811
0.9424177574462481
0.968280820496456
0.9396267044607558
0.9081656139344049
0.9184083395867194
0.9420336885549505
0.9345087085068725
0.8376707103006613
0.9436435310285091
0.927639677643828
0.9556203289895319
0.956890093644804
0.884159903752369
0.9642161857618434
0.9585982082351266
0.9509114768794563
0.9356575103786091
0.9121335385946118
0.9220551050397999
0.8565652258033607
1.0183585018374075
0.8900511831548401
0.922952585233691
0.9795614113894587
0.8906401139911149
0.8893246976223199
0.8849419223808381
0.9461669530403096
0.8860578417118564
0.9202096665055364
0.93104898515361
0.8606402971501251
0.9370671039506074
0.9443757918299154
0.9693316349833172
0.8998868199093706
0.8792898245178447
0.9764294972013262
0.9299142225987259
0.9540672509982097
0.8695969703613086
0.8994217474795656
0.861029467219025
0.9802047420300091
0.9127637613802906
0.9179221694050133
0.9368982829801475
0.9394485418836119
0.8836738235975601
0.9477546430716203
0.9281771389490423
0.881977412691398
0.921951266113629
0.9660217716478894
0.9708880046192522
0.9304264395837926
0.8251315571008412
0.8861158330687054
0.9138801611589833
0.8963095957722862
0.9701912742522599
0.8680305970736882
0.8850601688642203
0.9855139468676283
0.8365751525875638
0.9196736476366953
0.9085825137813599
0.8570449314331359
0.9254114127678273
0.9218862962441617
0.8774002831644807
0.8956841226755928
0.9079213283218495
0.9121715922538465
1.0059708258175442
0.9252352428560485
0.8804347589737123
0.984306876929495
0.8888983002021168
0.8262554654235543
0.8955476916126037
0.895409619576919
0.8894204428568779
0.9397484098634854
0.921538870914255
0.8969144215731829
0.9809420979181764
0.9294248435871093
0.8993973101653757
0.9285487886170861
0.8710770993490276
1.009058566633204
0.9544001292121345
0.9325281337390602
0.9028689711843055
0.9458212373022624
0.8897386665773258
0.9458445461149075
0.9399918559082178
0.8506029484826755
0.899434125929058
0.8871833754482668
0.9262942968745349
0.9213211362168445
0.9466075791765768
0.8897942071575741
0.9935968667655143
0.9362427193962963
0.9653616348073375
0.946916339793092
0.9055408653816563
0.9772694910668365
0.8627116088457545
0.9625224980767532
0.9361102183110305
0.9113051172440314
0.8751644934870093
0.9724139665723204
0.8968311998479039
0.8425726693229418
0.8874332131131818
0.9478126351374079
0.9309783912230071
0.9473817445680952
0.9288082351337437
0.9808845301194649
0.9339772007126057
0.8989802506568867
1.006706378362888
0.9019499583013311
0.9651284947792922
0.8843874228800329
0.9673263828070477
0.9011705613766067
0.9012864721153044
0.9289684058940415
0.877198513174067
0.8570689899449114
0.9644308780748475
0.968507167722148
0.8566974532993206
0.8953666019864817
0.9145289137339842
0.9217166089348406
0.9444519304129512
0.9434586255545017
0.869748015569708
0.8455794078812001
0.9721712199650483
0.8875826334794883
0.8729029932439356
0.94967822909475
0.970742071529377
0.8740306915146974
0.8793822225401366
0.9998872036767905
0.8418867724119365
0.8801841611093446
0.9406016819477018
0.891940367002574
0.8660997853375668
0.9026609559610559
0.9040230349430972
0.968180518021628
0.8947778898785168
0.971268838874842
0.9416614915229481
0.8272769417589022
0.8805898872854495
0.9251960676384952
0.8172811681382124
0.9220594180883537
0.8531390472712609
0.8591177996588208
0.9480581431827066
0.8497285400109491
0.9247571463482563
0.8516573919115225
0.901585693717888
0.843562156551419
0.9375623689190369
0.7941391863235867
0.9596680540661611
0.9474936865489967
0.9152593647202414
1.0103213870197978
0.9706699521317452
0.9089745595502577
0.9304309057077143
0.9297649651867114
0.9501384370872191
0.8945715018300567
0.9532668318633095
0.9381755131556182
0.9170261375444485
0.8790555872671352
0.9592403893582381
0.862255600459946
0.8633032657525946
0.8880603556802541
0.9886072266486181
0.833114584686684
0.9371951171617352
0.8996704748765859
0.9777039167463496
0.9550219245083604
1.0030327112361233
0.8809712430544026
0.9814785573606444
1.0026687255660123
0.9421404551425573
0.9864953027296425
0.9338196170216363
0.8861669667358898
0.9259156609837429
0.8899890105448471
0.8573410951747727
0.9085130821439433
0.9040249540884607
0.9130080646057012
0.9601091466270975
0.9019246266405215
1.0134624429965653
0.902118230311573
0.9601582561362603
0.9311315537622112
0.9306892111659018
0.9002836556551492
0.9289368889727074
0.9561408402701169
0.906051849526802
0.8538246300094882
0.9008359892853405
0.9528668356263363
0.8836935365520228
0.9210573890528987
0.9563977718967356
0.8620820158442456
0.9130863528114006
0.9936907490532138
0.9549239194181914
0.9344265719735838
0.8753136256178773
0.8721551180581668
0.9624533378644687
0.9349176612138143
0.9298600293150432
0.9669059442913309
0.9088641940828257
0.9426603028120404
0.9372431965731298
0.9081133612562222
0.9393594882943604
0.9972913294321676
0.9020085054598417
0.9342878340252725
0.9755170580092355
0.9657221686706428
0.8984620389983239
0.8668774824045198
0.8704233401398402
0.9071972895207324
0.8940840278824957
0.9591645317268659
0.9084259226675331
0.9577641578553285
0.8938782428040275
0.9703318002780793
0.9360609915089464
0.9088480326003758
0.9102146482524529
0.8929780828333101
0.9017737480096395
0.882519535491822
0.9246936171144935
0.9162690825111091
0.8379044262877817
0.9382742141595248
0.9196574671448199
0.9439861255826336
0.9748645741738613
0.9377670752234909
0.8815669920044614
0.9661090116398361
0.9512172391843919
0.9720033026902876
0.9753389786620607
1.0196089695408608
0.947687029256253
0.9082148723381752
0.8854191414619133
0.93460728206585
0.8688785750527618
0.928127194931359
0.9756605386161761
0.8743020731431842
0.9254617615308675
0.8957876626583546
0.8822738002847936
0.9452104113534435
0.9326777638140114
0.9098329206140607
0.9655801874160108
0.8773502683875382
0.9650200583724343
0.9105654759998516
0.9112123373419698
0.9143959643749349
0.8920402876956484
0.9327410748823357
0.8960894595197519
0.9469243436494534
0.8788529552789711
0.9732411055306365
0.8760940934975756
0.9815462246915069
0.9091845054108358
0.9240206829418128
0.9615343862156333
0.9456123181124338
0.9510122982920421
0.8038781405746707
0.8837877638428777
0.923471459645883
0.8361289733152711
0.9158811850214966
0.9265072359930289
0.9069860879813897
0.9424972017328035
0.8961513533781993
0.9988375408388185
0.9989236623593807
0.9565589923933222
0.9639047852372198
0.9281813697145006
0.9782728740734525
0.8603746517783774
0.872145482053325
0.8763374488248493
0.9160850246334583
0.9009442633863441
0.9632842602030183
0.9154344217108241
0.8542918470991991
0.8808306886766489
0.9012061954025808
0.9058054946512226
0.8663074432956073
0.7771348159216134
0.8730186481490776
0.9602596926517332
0.9122509713209157
0.8717098166878091
0.9511268857972799
0.883962548995579
0.9235812662382697
0.8701210108944061
0.8630747645414032
0.9518905278514669
0.9340272661379089
0.9504448342727694
0.9133306488583383
0.9091194350130279
0.9181865767479948
0.8785731844255968
0.9861256228319091
0.956689374956017
0.969961273320622
0.9591494714425418
0.9371127680113507
0.9485811154713022
0.9383217896329541
0.8412597983859568
0.927199984307252
1.0246736816203728
0.913084309020951
0.8429304965219145
0.9447178049951092
0.9701835371065936
0.9264740923890888
0.8555134359422562
0.9844314416450133
0.9751760589789953
0.9229427899845936
0.8860555211452721
0.9197413592633202
0.927536478471345
0.894726401063308
0.8597421162516935
0.987527539079879
0.944218276815487
0.9134215678844555
0.8183939158002937
0.9188535786686952
0.9444223949323687
0.924232902253544
0.8906057925485481
0.8676584255653779
0.9182188715880328
0.9168433228734537
0.9868726736003202
0.8398316009409642
0.9018797673102803
0.9331957300849885
0.8485707962543995
0.9217437537173405
0.970998898208091
0.8959269396085476
0.8817393284807762
0.8656144532422565
0.8919000590765374
0.9402751859210716
0.9345194873805535
0.9335306897974929
0.9507457441845771
0.9262486894542045
0.8859066988656813
0.8744527035188266
0.8880940371526196
0.8828821899070004
0.9315285873999677
0.8815519872146949
0.9251701428439123
0.9105427146896414
0.8572600490849795
0.8736176458478035
0.8737360188394474
0.8725598117249298
0.9063665299747582
0.9386304958310305
0.9365381406383432
0.9905841306926267
0.9488687689327934
0.9808905072528242
0.9144292817574746
0.8991692249023575
0.8804980126739353
0.8674676202306594
0.9060448276144442
0.9400198649927205
0.9664910886676787
0.8991145978344972
0.9795259450010023
0.8572101772180508
0.9605000365794374
0.9401356842717616
0.9135664170154044
0.9396310782973399
0.942967227851932
0.9512751390611648
0.9630697762145876
0.988450908340964
0.8545932147936823
0.91844554212117
0.9263219546057255
0.8845793364789344
0.9102267138642097
0.9387075788239594
0.9781100585946488
0.8732329588255133
0.8984015225050399
0.9959172129421893
0.9163948816432052
0.9214369283587459
0.9186313322752029
0.9456030885478954
0.959158352535875
0.9524311737583554
0.9181451690481213
0.9180980470513561
0.9501685625356441
0.9469726319660813
0.9844429132950798
0.8910908527343164
0.950380133888892
0.9642195522502436
0.9450329715372658
0.9069703040135286
0.8738448009610476
0.8841685110865741
0.900583290263314
0.9211142572311
0.9086612883335344
0.8836050144214624
0.9282899009735538
0.8831770758740404
0.9085375541615555
0.9080481672980045
0.9202961661365704
0.936288796613953
0.9093572604322228
0.9100411729628768
0.8929158188379055
0.9206474937953855
0.9494839516533031
0.8589162505817625
0.881665697561926
0.8885556923631563
0.8791157674922786
0.9141247059594585
0.9296929097294655
0.9387982798092701
0.9082441343340136
0.8816917778608928
0.9385655137731733
0.9340326684378505
0.8841873353286672
0.8728555928500757
0.8921426102360832
0.9131957528479702
0.8438944373868279
0.923165788893459
1.0054121599119359
0.9518800218227046
0.8760197383394044
0.8715707959666056
0.8935546676075286
0.9138878988390496
0.8203188815758224
0.8388144814429198
0.8405933223035954
0.9915547326307964
0.9197334061144259
0.8787470250871234
0.918498715256309
0.9725160566530001
0.8878729391950846
0.9398248009324397
0.9366188244019289
0.8111842212406963
0.8891295456664199
0.923833786893131
0.8679214345922025
0.9759313497285311
0.9179584120069622
0.8997887712719654
0.8938107709058206
0.891673202046136
0.9147692678123807
0.9644796088599417
0.9197286584234062
0.8961126317666775
0.9498552104010702
0.9572938574726969
0.9190176298466616
0.9576696347097146
0.9048469933148418
0.9545168488762645
0.9155098465665794
0.9730058843195327
0.9425507546948215
0.9546180626788756
0.9260312927078541
0.8758476583962644
0.9341238590538146
0.9600638116181125
0.9010572858905452
0.9069903810825226
0.8889771472039502
0.8782469138275356
0.9502074231946409
0.9754377132063303
0.8182448777479359
0.9468019760807215
0.9505833897346572
0.9478391066120353
0.855182284779691
0.9044457858467027
0.8757015623927801
0.9213571580914459
0.9624125174996597
0.8493478248876535
0.8937072840382416
0.8320541197119357
0.8772248949066711
0.9096241215356764
0.9216187516052881
0.9566603305960719
0.9323575026281071
0.9262545235312624
0.8857363591360894
0.9072806553776427
0.8978532403604224
0.9590805169313459
0.8795953260492911
0.824117980334479
0.9444072874811534
0.9237037614128882
0.9270804776691672
0.9511289229665173
0.9768720364595074
0.8738380605155334
0.8790070520274337
0.8652631075876875
0.8846374283479232
1.0551050724510604
0.9074338149327653
0.9227275411815054
0.8279532676099866
0.9755656345246566
0.9240127780711922
0.9510110907171837
0.8204738143348242
0.8780789469037683
0.8733334182312827
0.9534833061905214
0.9430724098969058
1.0149595598441885
0.9205823134193429
0.9349166398950107
0.9112323380261291
0.9157916423010637
0.9449632303752711
0.9448692854421694
0.9913596705468055
0.9453195664498499
0.9373872619339808
0.8695446282550149
0.8638780832009971
0.8911616166466748
0.9396358458711258
0.9460175261180402
1.0290430695059478
0.9749774280911874
0.9558869794636361
0.9740602838655283
0.9745685380857412
0.9253357891460257
0.9064577039075935
0.960137525209393
0.9053617363844955
0.8927188895589626
0.9177653841249689
0.9132879258123083
0.8984461773813198
0.9135786867910245
0.9174734256174241
0.850597269546426
0.8507684050625892
0.9254501843047727
0.9467377667183737
0.9464068888751689
0.872408796150434
0.8257350402367265
0.8703929550369244
0.9290684967553638
0.9154430303987114
0.9786518402111338
0.9236032790515516
0.8990596276768283
0.9151120684711398
0.9291956797511437
0.8885775489648202
0.8809983898845766
0.9490377620943973
0.9179000679110317
0.9120857613763989
0.8609985030714663
0.9932283850192923
0.8583350587207721
0.9264964247106459
0.8870875173955357
0.9592729812074703
0.9311223312671745
0.8799217070369273
0.8993205233817182
0.9987341383863382
0.8780196956892683
0.986435497878712
0.9204494836711933
0.9474645357164403
0.8739048346426632
0.8648172941734609
0.8541023327041786
0.8495228792310022
0.9329369106525007
0.8724948092038994
0.8777522416508752
0.898127157711713
1.006361502823228
0.8401096366616466
0.8946487434728658
0.9296089691865733
0.9268333287750796
1.0647420140320394
0.9136284994355043
0.9355980783214234
0.9431121208242493
0.9527323696488089
0.9743623966877054
0.9359982934092852
0.886182898526639
0.8978475510377114
0.9386940987952238
0.9563870793930039
0.8857798747554805
0.9406874758681181
0.9107271894274543
0.9179084932301222
0.8859832413612566
0.9008598414846771
0.9095087769574961
0.8261476108889979
0.9785254718621711
0.9759493443702991
0.9785750370919292
0.8666688059478015
0.9013401005143763
0.875352008273485
0.8769991206759251
0.9634756054509008
0.8552961110116662
0.9687116426053946
0.9377012376310558
0.8261175140858402
0.8814057643174392
0.8598219273362738
0.8782925022196754
0.9602050083236737
0.9010372282969814
0.9305840800485146
0.9046673061307997
0.9350065438353278
0.8946163389716302
0.983747112523498
0.9533684256421708
0.9264141535640427
0.8529769159527529
0.9482652066573071
0.9083985518027698
0.9813227122135246
0.9135984378123194
0.9527490571216601
0.8931519152683697
0.9198008049063976
0.9314389876538994
0.8793237052860549
0.9346052383393006
0.8620066036120095
0.8998637830781175
0.8766275390939571
0.8543983849188626
0.913863708550113
0.9885997838750593
0.9284285996155551
0.8859647763737938
0.9010107658531311
0.8982094938015144
0.9821063157343635
0.9939644613502613
0.9044169008135962
0.9582248299311615
0.9931196950249296
0.9866508162910018
0.9606918633294195
0.9125736306113893
0.9164503931544157
0.9196058770297484
0.8977741333479796
0.9148158509293672
0.8849139749198854
0.897990258818039
0.849608945221463
0.8905571533819048
0.9185299129028214
0.9461288526588439
0.9488046094823591
0.890310078716424
0.9070485233632299
0.975820320467269
0.8932967039013953
0.92531885761335
0.9285967810738258
0.8933141492527438
0.9185807145013843
0.9259863097933507
0.9060673520349803
0.9549455835085331
0.9733202967588529
0.8980567364074525
0.9007534682403758
0.9301837796387138
0.9287148640836717
0.9193672815653822
0.9045058549414737
0.8971826635302352
0.8914311960962736
0.9173045343604299
0.9252036867123054
0.9348791313449175
0.9430095255436916
0.9407059992985236
0.9309999522946237
0.8642920921502735
0.7976746586986689
0.8638754926824542
0.9010853029568321
0.8307278000887388
1.024316282387699
0.8630478884459213
0.9722408666617645
0.9214455602439132
0.9021750207838136
0.9224912500179305
0.9192158267884407
0.8979711036764392
0.9250870309542756
0.943121355861981
0.9092845659524944
0.9172202920658057
0.9582014850093288
0.8806191476622431
0.9891280269748286
0.8946589161956133
0.9365389490598778
0.9780570978640843
0.8939545516671328
0.9550666979903513
0.9440817702242983
0.8932618817564217
0.8784852047387357
0.8734712657524175
0.8822947259025147
0.9284935437813262
0.8665053649658648
0.9211123485798791
0.8605721382109953
0.9647040346594723
0.886300419954696
0.8886344352394359
0.8987536431419348
0.8753760921208524
0.9221103340209845
0.9073732572188697
0.9644502930248401
0.8706199114728844
0.9354451306374592
0.9951054258335501
0.8752916526063073
0.8989571506209005
0.9433117099845
0.822199143142473
0.8509846370237522
0.939113304066696
0.9120460753106199
0.9208374155807579
0.9252394764649364
0.9181177330128769
0.9059497595915115
0.8785308834049858
0.9286125672704033
0.9228919898030258
0.9292241759924142
0.9143183686406489
0.8940875313681239
0.9625499986920873
0.9328711686151032
0.8209415345705873
0.9223342079332878
0.8809048497197062
0.8845428902677803
0.7903455418932979
0.975105744507807
0.9935334926742087
0.9869397402181241
0.7572227952535613
0.9274566871946609
0.9455721364219543
0.9852692348402391
0.9180635419820912
0.9152939041963182
0.9173893261164519
0.9046068749647751
0.9037708048041634
0.9604854832621117
0.8923841137098147
0.8744865863692505
0.8703746899161167
0.9062323167914862
0.8908619533488679
0.8897527458143012
0.9254347156288782
0.9317484025973989
0.8952965494262263
0.9121989128785482
0.963659182763451
0.9656223602476401
0.9132714050689291
0.992091356591589
0.8573556278389779
0.9527235601448171
0.9041701600384695
0.8862591253347601
0.960611296544434
0.9361139410649613
0.9517899035318068
0.9170473158503866
0.8815956270790649
0.9602851627438905
0.760604663539396
0.928133017406867
0.9226324591456282
0.8872686827259016
0.8770409343116816
0.8845132578232742
0.9728759105293068
0.919621076229683
0.9341971700705051
0.9169177287241181
0.9078025852436756
0.9387563849058987
0.9506271904593692
1.0075476563546228
0.8833040251706111
0.8752655145868343
0.8830537926605164
0.9471415808483163
0.9317077731664037
0.9148095669044233
0.8498398731967793
0.7128208524247374
0.8908567788549544
0.980554242356158
0.849663043513656
0.867435718031999
0.8691092957574816
0.9289651757712966
0.870273011345855
0.9577955376076537
0.9450002691552403
0.8071536714833568
0.9572649662332223
0.8832648046106213
0.945183211129034
0.8553082978482917
0.8795757045653123
0.917730711740805
0.9355459591374213
0.9477637709133339
0.9871607606681889
0.9031741441901193
0.8618922030571461
0.8842919376864847
1.0344095019610196
0.8542744571792907
0.779243281298561
0.9556140917427303
0.8442390072144667
0.8675154649459064
0.882929167061297
0.9727266574778191
0.9378581002777605
0.9559934088583858
0.9553863309646481
0.9005109547283334
0.9007813463212073
0.9221086498133069
0.9945259348181795
0.9113181163543557
0.8985545715080033
0.9142179837070084
0.999844483247657
1.0143088207127426
0.9280954630169246
0.8907681178598086
0.9168346677627272
0.9849323297970277
0.9574787049706784
0.8233109078958827
0.8935789789544266
0.962770948242187
0.8893364910098293
0.9351888898870431
0.9051216063277817
0.9055771191245903
0.948224465317226
1.0556760400113863
0.9656979637906534
0.9457369890708239
0.883785662804671
0.9387290486226053
0.9698512836530429
0.9252953139628166
0.8646081945505206
0.9830806757233027
0.92702747339266
0.8585912995382691
0.8985994315771407
0.8762360770065493
0.898037647386028
0.9364998644188005
0.9659315300052616
0.9214905178198103
0.9229724483430382
0.9965935873120292
0.9356665335970389
1.0011256122904653
0.9120630357070416
0.9269061421063524
0.8980887693837515
0.892524160651323
0.9771834663847069
0.977617021526658
0.9127178509774891
0.971902479637105
0.8968673685738163
0.9283061281236569
0.9174746023129697
0.8947612791444935
0.9672341736728287
0.8694698804303643
0.8519942106957146
0.9194983837988022
0.9227178885064998
0.9409807051957646
0.9540725011091219
0.9411014524124577
0.8756279854440159
0.9371753510672539
0.9247131136396873
0.8732646851848587
0.9474499749781847
0.9965488048461163
0.9987743187880435
0.8396451854092623
0.9239205178226895
0.9098845475401297
0.8993606752597396
0.864779258103071
0.9695353139603949
0.864000271659369
0.8438539297330245
0.9540938498337479
0.872195559922164
0.923774711267684
0.9365224722019576
0.9051267468603736
0.9580431464023779
0.9261683115370513
0.9467250729249476
0.9394798879313561
0.9367035444970502
0.9461066868166544
0.8889593486907735
0.9219509321674852
0.9555629942091408
0.9605193944632445
0.9533042730940675
0.9033467400768724
0.9116819830675394
0.9278190515708158
0.901553786847255
0.9076431224758802
0.829949850970892
0.9235158249158679
0.8954088891359661
0.9185838593166137
0.8760895465262364
0.9546048521720325
0.9147500540302169
0.886274314480441
0.767622648547318
0.8461330245663659
0.9730250486762736
0.986159734321769
0.9074214202048785
0.9109898100474755
0.880754552363248
0.9096227018035312
0.9764501407912483
0.9573884163971568
0.9098404449422368
0.9908719014356547
0.943525778726592
0.9632251398147504
0.9165284670925778
0.9192702247370337
0.9667013845149872
0.9245192555690028
0.9081781470624317
0.8935948391345663
0.873681772859299
0.9469014163428374
0.9718815580262582
0.8685923001003172
0.8967424328441826
0.924076574189403
0.912420957516947
0.8839689670138124
0.9879366203709378
0.9028655940550059
0.9087456751506039
0.8836654138169956
0.8670072815069958
0.855843596915678
0.9193698324976204
0.9164743491552928
0.8684011282313862
0.8963401305918669
0.9268415857092179
0.8962621795383716
0.9109744104680736
0.8933015257334705
0.9378333688486729
0.9034688911041717
0.9315447674147469
0.9129274433947755
0.867102802370263
0.8775269583384693
0.8638023658324474
0.9225061867769456
0.8953427342212771
0.7578084503737376
0.9670848860075516
0.916106056337056
0.9360867022103587
0.8471909189506018
0.9629981562271303
0.9125978583970729
0.9107517900200127
0.8726604412622131
0.9347476846495573
0.8833265615904847
0.9141392118273456
0.8824453415357661
0.9782252715149711
0.9224986723954794
0.9037811061031121
0.958171606354305
0.8773638021662078
0.9123048394856681
0.9612324890767722
0.9169971186270335
0.8821772534858124
0.9340588746863346
0.9999974556070038
0.9256621236180016
0.945100919796628
0.8687602552304599
0.8902083467914175
0.9278003423221957
0.9068242098404133
0.9211658371802858
0.8851433478167406
0.9513483890736308
0.920655267930251
0.9332271418914247
0.9828663838018838
0.9533136368845355
0.9357529564105684
0.9560571891908549
0.9114825320013488
0.9184568232745605
0.8967949955545242
0.873393140965989
0.9296386025844785
0.8778999088092946
0.9117574355289436
0.9225198021347448
0.8658963834639859
0.8783015799565967
0.9012867421653492
0.9187728935307987
0.94458838262038
0.865001295489345
0.8593321763652156
0.923348581428808
0.9351694882665917
0.9216883959871836
0.9987688983334067
0.8636838121784159
0.8357167258218309
0.9274264634358909
0.9492076553005805
0.8686114830818064
0.9349546722747838
0.863974497282521
0.8580228512784803
0.9409889391334887
0.9310349269245176
0.8037536589323495
0.8738170741597266
0.9272821003434286
0.9851530012858033
0.9061612642665025
1.0006662126294534
0.892568203892596
0.9453698578659576
0.9564120699394538
0.7162596517180864
0.9607270157634107
0.940115111301259
0.9247672465489761
0.8570128901242463
0.9091862773622884
0.8426521190496878
0.8473617843517796
0.8859313039196341
0.9386412976037957
0.9614213394479227
0.9365430437115181
0.9479186184918491
0.9877850924199227
0.9238034072864274
0.9812536785924708
0.8553620639760439
0.8651209602541113
0.8950261292383773
0.8749339454437953
0.9123895687835156
0.9471156214769013
0.9345990147271979
0.8959932812481274
0.8959250776380756
0.9275529305626954
0.8909511710593041
0.9558259356551524
0.9231691453751084
0.9133277742056051
0.876724052046221
0.8602031863818885
0.9323476179880227
0.9386386879875788
0.9649921547954321
0.9321183110291755
0.8666105073978052
0.8718678789272447
0.9742432272336344
0.8925030248572045
0.9127544295884731
0.876949215906291
